	clockTime	EDTA	EMS	frozen_age	gamma	glucose	H2O2	illumination	irradiation	knockout	media-to-flask-volume-ratio	Mevinolin	Optical density (600nm)	overexpressed gene	Oxoid peptone	oxygen	paraquat	pH	shaking	temperature	Thiamine HCl	time	Uracil	uv	GWAP Import Date	SBEAMS Processing Date	Title Date
1451_+glu_a_OD0.2_vs_NRC1e.sig	0	0	0	0	0	7	0	0	0	VNG1451C	0	0	0.222	0	0	0	0	6.8	0	37	5	0	50	0	20080429		
1451_+glu_a_OD0.6repl_vs_NRC1e.sig	0	0	0	0	0	7	0	0	0	VNG1451C	0	0	0.314	0	0	0	0	6.8	0	37	5	0	50	0	20080429		
1451_+glu_a_OD0.6_vs_NRC1e.sig	0	0	0	0	0	7	0	0	0	VNG1451C	0	0	0.304	0	0	0	0	6.8	0	37	5	0	50	0	20080310		
1451_+glu_a_OD1.2repl_vs_NRC1e.sig	0	0	0	0	0	7	0	0	0	VNG1451C	0	0	0.8	0	0	0	0	6.8	0	37	5	0	50	0	20080429		
1451_+glu_b_OD0.2_vs_NRC1g.sig	0	0	0	0	0	7	0	0	0	VNG1451C	0	0	0.23	0	0	0	0	6.8	0	37	5	0	50	0	20080429		
1451_+glu_b_OD0.6repl_vs_NRC1g.sig	0	0	0	0	0	7	0	0	0	VNG1451C	0	0	0.302	0	0	0	0	6.8	0	37	5	0	50	0	20080429		
1451_+glu_b_OD1.2repl_vs_NRC1g.sig	0	0	0	0	0	7	0	0	0	VNG1451C	0	0	0.76	0	0	0	0	6.8	0	37	5	0	50	0	20080429		
1451_-glu_ab_OD0.2_vs_NRC1e.sig	0	0	0	0	0	0	0	0	0	VNG1451C	0	0	0.042	0	0	0	0	6.8	0	37	5	0	50	0	20080429		
1451_-glu_a_OD0.6repl_vs_NRC1e.sig	0	0	0	0	0	0	0	0	0	VNG1451C	0	0	0.104	0	0	0	0	6.8	0	37	5	0	50	0	20080429		
1451_-glu_a_OD0.6_vs_NRC1e.sig	0	0	0	0	0	0	0	0	0	VNG1451C	0	0	0.104	0	0	0	0	6.8	0	37	5	0	50	0	20080310		
1451_-glu_a_OD1.2repl_vs_NRC1g.sig	0	0	0	0	0	0	0	0	0	VNG1451C	0	0	0.15	0	0	0	0	6.8	0	37	5	0	50	0	20080429		
1451_-glu_b_OD0.6repl_vs_NRC1g.sig	0	0	0	0	0	0	0	0	0	VNG1451C	0	0	0.108	0	0	0	0	6.8	0	37	5	0	50	0	20080429		
1451_-glu_b_OD1.2repl_vs_NRC1g.sig	0	0	0	0	0	0	0	0	0	VNG1451C	0	0	0.1	0	0	0	0	6.8	0	37	5	0	50	0	20080429		
1451_growth_t1exp1_0.2OD_vs_NRC1e.sig	0	0	0	0	0	0	0	0	0	VNG1451C	0	0	0.19	0	10	0	0	6.8	0	37	0	0	50	0	20061218		
1451_growth_t1_exp2_0.1OD_vs_NRC1f.sig	0	0	0	0	0	0	0	0	0	VNG1451C	0	0	0.133	0	10	0	0	6.8	0	37	0	0	50	0	20070110		
1451_growth_t1_exp3_0.1OD_vs_NRC1f.sig	0	0	0	0	0	0	0	0	0	VNG1451C	0	0	0.136	0	10	0	0	6.8	0	37	0	0	50	0	20070710		
1451_growth_t2exp1_0.3OD_vs_NRC1e.sig	0	0	0	0	0	0	0	0	0	VNG1451C	0	0	0.371	0	10	0	0	6.8	0	37	0	0	50	0	20061218		
1451_growth_t2_exp2_0.2OD_vs_NRC1f.sig	0	0	0	0	0	0	0	0	0	VNG1451C	0	0	0.227	0	10	0	0	6.8	0	37	0	0	50	0	20070110		
1451_growth_t2_exp3_0.2OD_vs_NRC1f.sig	0	0	0	0	0	0	0	0	0	VNG1451C	0	0	0.221	0	10	0	0	6.8	0	37	0	0	50	0	20070710		
1451_growth_t3exp1_0.4OD_vs_NRC1e.sig	0	0	0	0	0	0	0	0	0	VNG1451C	0	0	0.419	0	10	0	0	6.8	0	37	0	0	50	0	20061218		
1451_growth_t3_exp2_0.3OD_vs_NRC1f.sig	0	0	0	0	0	0	0	0	0	VNG1451C	0	0	0.301	0	10	0	0	6.8	0	37	0	0	50	0	20070110		
1451_growth_t3_exp3_0.3OD_vs_NRC1f.sig	0	0	0	0	0	0	0	0	0	VNG1451C	0	0	0.312	0	10	0	0	6.8	0	37	0	0	50	0	20070710		
1451_growth_t4_exp2_0.5OD_vs_NRC1f.sig	0	0	0	0	0	0	0	0	0	VNG1451C	0	0	0.65	0	10	0	0	6.8	0	37	0	0	50	0	20070710		
1451_growth_t4_exp3_0.6OD_vs_NRC1f.sig	0	0	0	0	0	0	0	0	0	VNG1451C	0	0	0.56	0	10	0	0	6.8	0	37	0	0	50	0	20070710		
20060818_NRC1_rep1_0.195_vs_NRC-1e.sig	0	0	0	0	0	0	0	light	0	0	0.5	0	0.195	0	1	0	0	0	220	37	0	330	50	0	20060831		20060818
20060818_NRC1_rep1_0.430_vs_NRC-1e.sig	0	0	0	0	0	0	0	light	0	0	0.5	0	0.43	0	1	0	0	0	220	37	0	630	50	0	20060831		20060818
20060818_NRC1_rep1_0.816_vs_NRC-1e.sig	0	0	0	0	0	0	0	light	0	0	0.5	0	0.816	0	1	0	0	0	220	37	0	1050	50	0	20060831		20060818
20060818_NRC1_rep2_0.194_vs_NRC-1e.sig	0	0	0	0	0	0	0	light	0	0	0.5	0	0.194	0	1	0	0	0	220	37	0	330	50	0	20060831		20060818
20060818_NRC1_rep2_0.424_vs_NRC-1e.sig	0	0	0	0	0	0	0	light	0	0	0.5	0	0.424	0	1	0	0	0	220	37	0	630	50	0	20060831		20060818
20060818_NRC1_rep2_0.821_vs_NRC-1e.sig	0	0	0	0	0	0	0	light	0	0	0.5	0	0.821	0	1	0	0	0	220	37	0	1050	50	0	20060831		20060818
afsQ2__HO_D_vs_NRC-1	0	0	0	0	0	0	0	Dark	0	VNG0716G	0.16	0	0.802	0	1	0	0	0	220	37	0	0	50	0	20040301		
afsQ2__HO_L_vs_NRC-1	0	0	0	0	0	0	0	Light	0	VNG0716G	0.16	0	0.716	0	1	0	0	0	220	37	0	0	50	0	20040301
afsQ2__LO_D_vs_NRC-1	0	0	0	0	0	0	0	Dark	0	VNG0716G	0.16	0	0.739	0	1	0	0	0	100	37	0	0	50	0	20040301
afsQ2__LO_L_vs_NRC-1	0	0	0	0	0	0	0	Light	0	VNG0716G	0.16	0	0.724	0	1	0	0	0	100	37	0	0	50	0	20040301
ark__HO_D_vs_NRC-1	0	0	0	0	0	0	0	Dark	0	VNG0916G	0.16	0	0.686	0	1	0	0	0	220	37	0	0	50	0	20040301
ark__HO_L_vs_NRC-1	0	0	0	0	0	0	0	Light	0	VNG0916G	0.16	0	0.626	0	1	0	0	0	220	37	0	0	50	0	20040301
ark__LO_D_vs_NRC-1	0	0	0	0	0	0	0	Dark	0	VNG0916G	0.16	0	0.646	0	1	0	0	0	100	37	0	0	50	0	20040301
ark__LO_L_vs_NRC-1	0	0	0	0	0	0	0	Light	0	VNG0916G	0.16	0	0.671	0	1	0	0	0	100	37	0	0	50	0	20040301
boa1__HO_D_vs_NRC-1	0	0	0	0	0	0	0	Dark	0	VNG0160G	0.16	0	0.752	0	1	0	0	0	220	37	0	0	50	0	20040301
boa1__HO_L_vs_NRC-1	0	0	0	0	0	0	0	Light	0	VNG0160G	0.16	0	0.73	0	1	0	0	0	220	37	0	0	50	0	20040301
boa1__LO_D_vs_NRC-1	0	0	0	0	0	0	0	Dark	0	VNG0160G	0.16	0	0.757	0	1	0	0	0	100	37	0	0	50	0	20040301
boa1__LO_L_vs_NRC-1	0	0	0	0	0	0	0	Light	0	VNG0160G	0.16	0	0.742	0	1	0	0	0	100	37	0	0	50	0	20040301
boa4__HO_D_vs_NRC-1	0	0	0	0	0	0	0	Dark	0	VNG0996G	0.16	0	0.736	0	1	0	0	0	220	37	0	0	50	0	20040301
boa4__HO_L_vs_NRC-1	0	0	0	0	0	0	0	Light	0	VNG0996G	0.16	0	0.642	0	1	0	0	0	220	37	0	0	50	0	20040301
boa4__LO_D_vs_NRC-1	0	0	0	0	0	0	0	Dark	0	VNG0996G	0.16	0	0.711	0	1	0	0	0	100	37	0	0	50	0	20040301
boa4__LO_L_vs_NRC-1	0	0	0	0	0	0	0	Light	0	VNG0996G	0.16	0	0.723	0	1	0	0	0	100	37	0	0	50	0	20040301
bop__HO_D_vs_NRC-1	0	0	0	0	0	0	0	Dark	0	VNG1467G	0.16	0	0.798	0	1	0	0	0	220	37	0	0	50	0	20040301
bop__HO_L_vs_NRC-1	0	0	0	0	0	0	0	Light	0	VNG1467G	0.16	0	0.801	0	1	0	0	0	220	37	0	0	50	0	20040301
bop__LO_D_vs_NRC-1	0	0	0	0	0	0	0	Dark	0	VNG1467G	0.16	0	0.758	0	1	0	0	0	100	37	0	0	50	0	20040301
bop__LO_L_vs_NRC-1	0	0	0	0	0	0	0	Light	0	VNG1467G	0.16	0	0.809	0	1	0	0	0	100	37	0	0	50	0	20040301
circadian__dark_cycling_125w/m2_42C_1440min_vs_NRC-1d.sig	0	0	0	0	0	0	0	0	0	0	0	0	0	0	1	0	0	0	125	42	0	1440	0	0	20051114
circadian__dark_cycling_125w/m2_42C_1615min_vs_NRC-1d.sig	0	0	0	0	0	0	0	0	0	0	0	0	0	0	1	0	0	0	125	42	0	1615	0	0	20051114
circadian__dark_cycling_125w/m2_42C_1800min_vs_NRC-1d.sig	0	0	0	0	0	0	0	0	0	0	0	0	0	0	1	0	0	0	125	42	0	1800	0	0	20051114
circadian__dark_cycling_125w/m2_42C_1985min_vs_NRC-1d.sig	0	0	0	0	0	0	0	0	0	0	0	0	0	0	1	0	0	0	125	42	0	1985	0	0	20051114
circadian__dark_cycling_125w/m2_42C_2160min_vs_NRC-1d.sig	0	0	0	0	0	0	0	0	0	0	0	0	0	0	1	0	0	0	125	42	0	2160	0	0	20051114
circadian__dark_cycling_125w/m2_42C_2340min_vs_NRC-1d.sig	0	0	0	0	0	0	0	0	0	0	0	0	0	0	1	0	0	0	125	42	0	2340	0	0	20051114
circadian__dark_cycling_125w/m2_42C_2515min_vs_NRC-1d.sig	0	0	0	0	0	0	0	0	0	0	0	0	0	0	1	0	0	0	125	42	0	2515	0	0	20051114
circadian__dark_cycling_125w/m2_42C_2705min_vs_NRC-1d.sig	0	0	0	0	0	0	0	0	0	0	0	0	0	0	1	0	0	0	125	42	0	2705	0	0	20051114
circadian__dark_cycling_125w/m2_42C_2880min_vs_NRC-1d.sig	0	0	0	0	0	0	0	0	0	0	0	0	0	0	1	0	0	0	125	42	0	2880	0	0	20051114
cspD1_-0001_L_H_vs_NRC1d.sig	0	0	0	0	0	0	0	Light	0	VNG0101G	0	0	0.576	0	1	-0.7	0	0	0	37	0	-1	50	0	20051109
cspD1_0005_H_vs_NRC1d.sig	0	0	0	0	0	0	0	Light	0	VNG0101G	0	0	0.546	0	1	57.6	0	0	0	37	0	5	50	0	20051109
cspD1_0010_H_vs_NRC1d.sig	0	0	0	0	0	0	0	Light	0	VNG0101G	0	0	0.538	0	1	58.1	0	0	0	37	0	10	50	0	20051109
cspD1_0020_H_vs_NRC1d.sig	0	0	0	0	0	0	0	Light	0	VNG0101G	0	0	0.536	0	1	57-100	0	0	0	37	0	20	50	0	20051109
cspD1_0045_H_vs_NRC1d.sig	0	0	0	0	0	0	0	Light	0	VNG0101G	0	0	0.519	0	1	100	0	0	0	37	0	45	50	0	20051109		
cspD1_0180_H_vs_NRC1d.sig	0	0	0	0	0	0	0	Light	0	VNG0101G	0	0	0.567	0	1	113.5	0	0	0	37	0	180	50	0	20051109		
Dun_F2_000minb_vs_NRC-1g.sig	0	0	0	0	0	0	0	0	0	0	0	0	0	0	0	0	0	0	0	0	0	0	0	0	20070608		20070607
Dun_F2_005minb_vs_NRC-1g.sig	0	0	0	0	0	0	0	0	0	0	0	0	0	0	0	0	0	0	0	0	0	5	0	0	20070608		20070607
Dun_F2_010minb_vs_NRC-1g.sig	0	0	0	0	0	0	0	0	0	0	0	0	0	0	0	0	0	0	0	0	0	10	0	0	20070608		20070607
Dun_F2_020minb_vs_NRC-1g.sig	0	0	0	0	0	0	0	0	0	0	0	0	0	0	0	0	0	0	0	0	0	20	0	0	20070608		20070607
Dun_F2_040minb_vs_NRC-1g.sig	0	0	0	0	0	0	0	0	0	0	0	0	0	0	0	0	0	0	0	0	0	40	0	0	20070608		20070607
Dun_F2_080minb_vs_NRC-1g.sig	0	0	0	0	0	0	0	0	0	0	0	0	0	0	0	0	0	0	0	0	0	80	0	0	20070608		20070607
Dun_F2_160minb_vs_NRC-1g.sig	0	0	0	0	0	0	0	0	0	0	0	0	0	0	0	0	0	0	0	0	0	160	0	0	20070608		20070607
Dun_F2_320minb_vs_NRC-1g.sig	0	0	0	0	0	0	0	0	0	0	0	0	0	0	0	0	0	0	0	0	0	320	0	0	20070608		20070607
Dun_Supernat._000minb_vs_NRC-1g.sig	0	0	0	0	0	0	0	0	0	0	0	0	0	0	0	0	0	0	0	0	0	0	0	0	20041119	20041203	
Dun_Supernat._005minb_vs_NRC-1g.sig	0	0	0	0	0	0	0	0	0	0	0	0	0	0	0	0	0	0	0	0	0	5	0	0	20041119	20041203	
Dun_Supernat._010minb_vs_NRC-1g.sig	0	0	0	0	0	0	0	0	0	0	0	0	0	0	0	0	0	0	0	0	0	10	0	0	20041119	20041203	
Dun_Supernat._020minb_vs_NRC-1g.sig	0	0	0	0	0	0	0	0	0	0	0	0	0	0	0	0	0	0	0	0	0	20	0	0	20041119	20041203	
Dun_Supernat._040minb_vs_NRC-1g.sig	0	0	0	0	0	0	0	0	0	0	0	0	0	0	0	0	0	0	0	0	0	40	0	0	20041119	20041203	
Dun_Supernat._080minb_vs_NRC-1g.sig	0	0	0	0	0	0	0	0	0	0	0	0	0	0	0	0	0	0	0	0	0	80	0	0	20041119	20041203	
Dun_Supernat._160minb_vs_NRC-1g.sig	0	0	0	0	0	0	0	0	0	0	0	0	0	0	0	0	0	0	0	0	0	160	0	0	20041119	20041203	
Dun_Supernat._320minb_vs_NRC-1g.sig	0	0	0	0	0	0	0	0	0	0	0	0	0	0	0	0	0	0	0	0	0	320	0	0	20041119	20041203	
Dura3_Uracil_0690_0.197_rep1_vs_NRC-1g.sig	0	0	0	0	0	0	0	light	0	VNG1673G	0.5	0	0.197	0	1	0	0	0	220	37	0	690	50	0	20070802	20070802	20070801
Dura3_Uracil_0690_0.200_rep2_vs_NRC-1g.sig	0	0	0	0	0	0	0	light	0	VNG1673G	0.5	0	0.2	0	1	0	0	0	220	37	0	690	50	0	20070807		20070803
Dura3_Uracil_1200_0.465_rep1_vs_NRC-1g.sig	0	0	0	0	0	0	0	light	0	VNG1673G	0.5	0	0.465	0	1	0	0	0	220	37	0	1200	50	0	20070802	20070802	20070801
Dura3_Uracil_1200_0.467_rep2_vs_NRC-1g.sig	0	0	0	0	0	0	0	light	0	VNG1673G	0.5	0	0.467	0	1	0	0	0	220	37	0	1200	50	0	20070807		20070803
Dura3_Uracil_1860_0.755_rep1_vs_NRC-1g.sig	0	0	0	0	0	0	0	light	0	VNG1673G	0.5	0	0.755	0	1	0	0	0	220	37	0	1860	50	0	20070802	20070802	20070801
Dura3_Uracil_1860_0.756_rep2_vs_NRC-1g.sig	0	0	0	0	0	0	0	light	0	VNG1673G	0.5	0	0.756	0	1	0	0	0	220	37	0	1860	50	0	20070807		20070803
Dura3_Uracil_2280_0.830_rep2_vs_NRC-1g.sig	0	0	0	0	0	0	0	light	0	VNG1673G	0.5	0	0.83	0	1	0	0	0	220	37	0	2280	50	0	20070807		20070803
Dura3_Uracil_2280_0.832_rep1_vs_NRC-1g.sig	0	0	0	0	0	0	0	light	0	VNG1673G	0.5	0	0.832	0	1	0	0	0	220	37	0	2280	50	0	20070802	20070802	20070801
Dura3_Uracil_2760_0.970_rep2_vs_NRC-1g.sig	0	0	0	0	0	0	0	light	0	VNG1673G	0.5	0	0.97	0	1	0	0	0	220	37	0	2760	50	0	20070807		20070803
Dura3_Uracil_2760_0.975_rep1_vs_NRC-1g.sig	0	0	0	0	0	0	0	light	0	VNG1673G	0.5	0	0.975	0	1	0	0	0	220	37	0	2760	50	0	20070802	20070802	20070801
Dura3_Uracil_3120_1.136_rep1_vs_NRC-1g.sig	0	0	0	0	0	0	0	light	0	VNG1673G	0.5	0	1.136	0	1	0	0	0	220	37	0	3120	50	0	20070802	20070802	20070801
Dura3_Uracil_3120_1.147_rep2_vs_NRC-1g.sig	0	0	0	0	0	0	0	light	0	VNG1673G	0.5	0	1.147	0	1	0	0	0	220	37	0	3120	50	0	20070807		20070803
EMS_Treated__000uM-000	0	0	0	0	0	0	0	Light	0	0	0	0	0.2819	0	1	0	0	0	220	42	0	0	0	0	20050304		
EMS_Treated__000uM-010	0	0	0	0	0	0	0	Light	0	0	0	0	0.3013	0	1	0	0	0	220	42	0	10	0	0	20050304		
EMS_Treated__000uM-020	0	0	0	0	0	0	0	Light	0	0	0	0	0.3442	0	1	0	0	0	220	42	0	20	0	0	20050304
EMS_Treated__000uM-030	0	0	0	0	0	0	0	Light	0	0	0	0	0.3325	0	1	0	0	0	220	42	0	30	0	0	20050304
EMS_Treated__000uM-040	0	0	0	0	0	0	0	Light	0	0	0	0	0.3457	0	1	0	0	0	220	42	0	40	0	0	20050304
EMS_Treated__000uM-050	0	0	0	0	0	0	0	Light	0	0	0	0	0.3495	0	1	0	0	0	220	42	0	50	0	0	20050304
EMS_Treated__000uM-060	0	0	0	0	0	0	0	Light	0	0	0	0	0.3178	0	1	0	0	0	220	42	0	60	0	0	20050304
EMS_Treated__000uM-120	0	0	0	0	0	0	0	Light	0	0	0	0	0.3638	0	1	0	0	0	220	42	0	120	0	0	20050304
EMS_Treated__100000uM-000	0	0	0.1	0	0	0	0	Light	0	0	0	0	0.3024	0	1	0	0	0	220	42	0	0	0	0	20050304
EMS_Treated__100000uM-010	0	0	0.1	0	0	0	0	Light	0	0	0	0	0.308	0	1	0	0	0	220	42	0	10	0	0	20050304
EMS_Treated__100000uM-020	0	0	0.1	0	0	0	0	Light	0	0	0	0	0.3197	0	1	0	0	0	220	42	0	20	0	0	20050304
EMS_Treated__100000uM-030	0	0	0.1	0	0	0	0	Light	0	0	0	0	0.1376	0	1	0	0	0	220	42	0	30	0	0	20050304
EMS_Treated__100000uM-040	0	0	0.1	0	0	0	0	Light	0	0	0	0	0.3019	0	1	0	0	0	220	42	0	40	0	0	20050304
EMS_Treated__100000uM-050	0	0	0.1	0	0	0	0	Light	0	0	0	0	0.37	0	1	0	0	0	220	42	0	50	0	0	20050304
EMS_Treated__100000uM-060	0	0	0.1	0	0	0	0	Light	0	0	0	0	0.3018	0	1	0	0	0	220	42	0	60	0	0	20050304
EMS_Treated__100000uM-120	0	0	0.1	0	0	0	0	Light	0	0	0	0	0.3382	0	1	0	0	0	220	42	0	120	0	0	20050304
gamma4__0000gy-000min	0	0	0	0	0	0	0	Light	0	0	0	0	0	0	1	0	0	0	220	42	0	0	0	0	20050120
gamma4__0000gy-010min	0	0	0	0	0	0	0	Light	0	0	0	0	0	0	1	0	0	0	220	42	0	10	0	0	20050120
gamma4__0000gy-020min	0	0	0	0	0	0	0	Light	0	0	0	0	0	0	1	0	0	0	220	42	0	20	0	0	20050120
gamma4__0000gy-030min	0	0	0	0	0	0	0	Light	0	0	0	0	0	0	1	0	0	0	220	42	0	30	0	0	20050120
gamma4__0000gy-040min	0	0	0	0	0	0	0	Light	0	0	0	0	0	0	1	0	0	0	220	42	0	40	0	0	20050120
gamma4__0000gy-050min	0	0	0	0	0	0	0	Light	0	0	0	0	0	0	1	0	0	0	220	42	0	50	0	0	20050120
gamma4__0000gy-060min	0	0	0	0	0	0	0	Light	0	0	0	0	0	0	1	0	0	0	220	42	0	60	0	0	20050120
gamma4__0000gy-120min	0	0	0	0	0	0	0	Light	0	0	0	0	0	0	1	0	0	0	220	42	0	120	0	0	20050120
gamma4__0000gy-240min	0	0	0	0	0	0	0	Light	0	0	0	0	0	0	1	0	0	0	220	42	0	240	0	0	20050120
gamma4__2500gy-000min	0	0	0	0	2500	0	0	Light	0	0	0	0	0	0	1	0	0	0	220	42	0	0	0	0	20050120
gamma4__2500gy-010min	0	0	0	0	2500	0	0	Light	0	0	0	0	0	0	1	0	0	0	220	42	0	10	0	0	20050120
gamma4__2500gy-020min	0	0	0	0	2500	0	0	Light	0	0	0	0	0	0	1	0	0	0	220	42	0	20	0	0	20050120
gamma4__2500gy-030min	0	0	0	0	2500	0	0	Light	0	0	0	0	0	0	1	0	0	0	220	42	0	30	0	0	20050120
gamma4__2500gy-040min	0	0	0	0	2500	0	0	Light	0	0	0	0	0	0	1	0	0	0	220	42	0	40	0	0	20050120
gamma4__2500gy-050min	0	0	0	0	2500	0	0	Light	0	0	0	0	0	0	1	0	0	0	220	42	0	50	0	0	20050120
gamma4__2500gy-060min	0	0	0	0	2500	0	0	Light	0	0	0	0	0	0	1	0	0	0	220	42	0	60	0	0	20050120
gamma4__2500gy-120min	0	0	0	0	2500	0	0	Light	0	0	0	0	0	0	1	0	0	0	220	42	0	120	0	0	20050120
gamma4__2500gy-240min	0	0	0	0	2500	0	0	Light	0	0	0	0	0	0	1	0	0	0	220	42	0	240	0	0	20050120
gamma__0000gy-0000m	0	0	0	0	0	0	0	Light	0	0	0	0	0	0	1	0	0	0	220	42	0	0	0	0	20040201
gamma__0000gy-0010m	0	0	0	0	0	0	0	Light	0	0	0	0	0	0	1	0	0	0	220	42	0	10	0	0	20040201
gamma__0000gy-0030m	0	0	0	0	0	0	0	Light	0	0	0	0	0	0	1	0	0	0	220	42	0	30	0	0	20040201
gamma__0000gy-0060m	0	0	0	0	0	0	0	Light	0	0	0	0	0	0	1	0	0	0	220	42	0	60	0	0	20040201
gamma__0000gy-0240m	0	0	0	0	0	0	0	Light	0	0	0	0	0	0	1	0	0	0	220	42	0	240	0	0	20040201
gamma__0000gy-0960m	0	0	0	0	0	0	0	Light	0	0	0	0	0	0	1	0	0	0	220	42	0	960	0	0	20040201
gamma__2500gy-0000m	0	0	0	0	2500	0	0	Light	0	0	0	0	0	0	1	0	0	0	220	42	0	0	0	0	20040201
gamma__2500gy-0010m	0	0	0	0	2500	0	0	Light	0	0	0	0	0	0	1	0	0	0	220	42	0	10	0	0	20040201
gamma__2500gy-0020m	0	0	0	0	2500	0	0	Light	0	0	0	0	0	0	1	0	0	0	220	42	0	20	0	0	20040201
gamma__2500gy-0030m	0	0	0	0	2500	0	0	Light	0	0	0	0	0	0	1	0	0	0	220	42	0	30	0	0	20040201
gamma__2500gy-0040m	0	0	0	0	2500	0	0	Light	0	0	0	0	0	0	1	0	0	0	220	42	0	40	0	0	20040201
gamma__2500gy-0060m	0	0	0	0	2500	0	0	Light	0	0	0	0	0	0	1	0	0	0	220	42	0	60	0	0	20040201
gamma__2500gy-0120m	0	0	0	0	2500	0	0	Light	0	0	0	0	0	0	1	0	0	0	220	42	0	120	0	0	20040201
gamma__2500gy-0240m	0	0	0	0	2500	0	0	Light	0	0	0	0	0	0	1	0	0	0	220	42	0	240	0	0	20040201
gamma__2500gy-0480m	0	0	0	0	2500	0	0	Light	0	0	0	0	0	0	1	0	0	0	220	42	0	480	0	0	20040201
gamma__2500gy-0960m	0	0	0	0	2500	0	0	Light	0	0	0	0	0	0	1	0	0	0	220	42	0	960	0	0	20040201
gap__HO_D_vs_NRC-1c	0	0	0	0	0	0	0	Dark	0	VNG0937G	0.16	0	0.954	0	1	0	0	0	220	37	0	0	50	0	20040301		
gap__HO_L_vs_NRC-1c	0	0	0	0	0	0	0	Light	0	VNG0937G	0.16	0	0.919	0	1	0	0	0	220	37	0	0	50	0	20040301		
gap__LO_D_vs_NRC-1c	0	0	0	0	0	0	0	Dark	0	VNG0937G	0.16	0	0.792	0	1	0	0	0	100	37	0	0	50	0	20040301		
gap__LO_L_vs_NRC-1c	0	0	0	0	0	0	0	Light	0	VNG0937G	0.16	0	0.818	0	1	0	0	0	100	37	0	0	50	0	20040301		
H2O2_Const._set_1_0mM_000min_vs_NRC-1f.sig	0	0	0	0	0	0	0	light	0	0	0	0	0.5449	0	1	0	0	0	220	42	0	0	0	0	20070204	20070202	20070202
H2O2_Const._set_1_0mM_030min_vs_NRC-1f.sig	0	0	0	0	0	0	0	light	0	0	0	0	0.5389	0	1	0	0	0	220	42	0	30	0	0	20070204	20070202	20070202
H2O2_Const._set_1_0mM_060min_vs_NRC-1f.sig	0	0	0	0	0	0	0	light	0	0	0	0	0.5594	0	1	0	0	0	220	42	0	60	0	0	20070204	20070202	20070202
H2O2_Const._set_1_0mM_120min_vs_NRC-1f.sig	0	0	0	0	0	0	0	light	0	0	0	0	0.5798	0	1	0	0	0	220	42	0	120	0	0	20070204	20070202	20070202
H2O2_Const._set_1_0mM_240min_vs_NRC-1f.sig	0	0	0	0	0	0	0	light	0	0	0	0	0.6227	0	1	0	0	0	220	42	0	240	0	0	20070204	20070202	20070202
H2O2_Const._set_1_25mM_000min_vs_NRC-1f.sig	0	0	0	0	0	0	0.025	light	0	0	0	0	0.5454	0	1	0	0	0	220	42	0	0	0	0	20070204	20070202	20070202
H2O2_Const._set_1_25mM_030min_vs_NRC-1f.sig	0	0	0	0	0	0	0.025	light	0	0	0	0	0.5573	0	1	0	0	0	220	42	0	30	0	0	20070204	20070202	20070202
H2O2_Const._set_1_25mM_060min_vs_NRC-1f.sig	0	0	0	0	0	0	0.025	light	0	0	0	0	0.5512	0	1	0	0	0	220	42	0	60	0	0	20070204	20070202	20070202
H2O2_Const._set_1_25mM_120min_vs_NRC-1f.sig	0	0	0	0	0	0	0.025	light	0	0	0	0	0.5815	0	1	0	0	0	220	42	0	120	0	0	20070204	20070202	20070202
H2O2_Const._set_1_25mM_240min_vs_NRC-1f.sig	0	0	0	0	0	0	0.025	light	0	0	0	0	0.6213	0	1	0	0	0	220	42	0	240	0	0	20070204	20070202	20070202
H2O2_Const._set_2_0mM_000min_vs_NRC-1f.sig	0	0	0	0	0	0	0	light	0	0	0	0	0.5461	0	1	0	0	0	220	42	0	0	0	0	20070220	20070216	20070216
H2O2_Const._set_2_0mM_030min_vs_NRC-1f.sig	0	0	0	0	0	0	0	light	0	0	0	0	0.5389	0	1	0	0	0	220	42	0	30	0	0	20070220	20070216	20070216
H2O2_Const._set_2_0mM_060min_vs_NRC-1f.sig	0	0	0	0	0	0	0	light	0	0	0	0	0.5589	0	1	0	0	0	220	42	0	60	0	0	20070220	20070216	20070216
H2O2_Const._set_2_0mM_120min_vs_NRC-1f.sig	0	0	0	0	0	0	0	light	0	0	0	0	0.5989	0	1	0	0	0	220	42	0	120	0	0	20070220	20070216	20070216
H2O2_Const._set_2_0mM_240min_vs_NRC-1f.sig	0	0	0	0	0	0	0	light	0	0	0	0	0.6476	0	1	0	0	0	220	42	0	240	0	0	20070220	20070216	20070216
H2O2_Const._set_2_25mM_000min_vs_NRC-1f.sig	0	0	0	0	0	0	0.025	light	0	0	0	0	0.5408	0	1	0	0	0	220	42	0	0	0	0	20070220	20070216	20070216
H2O2_Const._set_2_25mM_030min_vs_NRC-1f.sig	0	0	0	0	0	0	0.025	light	0	0	0	0	0.5502	0	1	0	0	0	220	42	0	30	0	0	20070220	20070216	20070216
H2O2_Const._set_2_25mM_060min_vs_NRC-1f.sig	0	0	0	0	0	0	0.025	light	0	0	0	0	0.5557	0	1	0	0	0	220	42	0	60	0	0	20070220	20070216	20070216
H2O2_Const._set_2_25mM_120min_vs_NRC-1f.sig	0	0	0	0	0	0	0.025	light	0	0	0	0	0.5826	0	1	0	0	0	220	42	0	120	0	0	20070220	20070216	20070216
H2O2_Const._set_2_25mM_240min_vs_NRC-1f.sig	0	0	0	0	0	0	0.025	light	0	0	0	0	0.6213	0	1	0	0	0	220	42	0	240	0	0	20070220	20070216	20070216
H2O2_Const._set_3_25mM_-001min_vs_NRC-1h1.sig	0	0	0	0	0	0	0	light	0	0	0.25	0	0	0	1	0	0	0	220	37	0	-1	0	0	20080327	20080328	20080327
H2O2_Const._set_3_25mM_005min_vs_NRC-1h1.sig	0	0	0	0	0	0	0.025	light	0	0	0.25	0	0	0	1	0	0	0	220	37	0	5	0	0	20080327	20080328	20080327
H2O2_Const._set_3_25mM_010min_vs_NRC-1h1.sig	0	0	0	0	0	0	0.025	light	0	0	0.25	0	0	0	1	0	0	0	220	37	0	10	0	0	20080327	20080328	20080327
H2O2_Const._set_3_25mM_020min_vs_NRC-1h1.sig	0	0	0	0	0	0	0.025	light	0	0	0.25	0	0	0	1	0	0	0	220	37	0	20	0	0	20080327	20080328	20080327
H2O2_Const._set_3_25mM_040min_vs_NRC-1h1.sig	0	0	0	0	0	0	0.025	light	0	0	0.25	0	0	0	1	0	0	0	220	37	0	40	0	0	20080327	20080328	20080327
H2O2_Const._set_3_25mM_080min_vs_NRC-1h1.sig	0	0	0	0	0	0	0.025	light	0	0	0.25	0	0	0	1	0	0	0	220	37	0	80	0	0	20080327	20080328	20080327
H2O2_Const._set_3_25mM_160min_vs_NRC-1h1.sig	0	0	0	0	0	0	25	light	0	0	0.25	0	0	0	1	0	0	0	220	37	0	160	0	0	20080327	20080328	20080327
H2O2_Const._set_4_25mM_-001min_vs_NRC-1h1.sig	0	0	0	0	0	0	0	light	0	0	0.25	0	0	0	1	0	0	0	220	37	0	-1	0	0	20080327	20080328	20080327
H2O2_Const._set_4_25mM_005min_vs_NRC-1h1.sig	0	0	0	0	0	0	0.025	light	0	0	0.25	0	0	0	1	0	0	0	220	37	0	5	0	0	20080327	20080328	20080327
H2O2_Const._set_4_25mM_010min_vs_NRC-1h1.sig	0	0	0	0	0	0	0.025	light	0	0	0.25	0	0	0	1	0	0	0	220	37	0	10	0	0	20080327	20080328	20080327
H2O2_Const._set_4_25mM_020min_vs_NRC-1h1.sig	0	0	0	0	0	0	0.025	light	0	0	0.25	0	0	0	1	0	0	0	220	37	0	20	0	0	20080327	20080328	20080327
H2O2_Const._set_4_25mM_040min_vs_NRC-1h1.sig	0	0	0	0	0	0	0.025	light	0	0	0.25	0	0	0	1	0	0	0	220	37	0	40	0	0	20080327	20080328	20080327
H2O2_Const._set_4_25mM_080min_vs_NRC-1h1.sig	0	0	0	0	0	0	0.025	light	0	0	0.25	0	0	0	1	0	0	0	220	37	0	80	0	0	20080327	20080328	20080327
H2O2_Const._set_4_25mM_160min_vs_NRC-1h1.sig	0	0	0	0	0	0	0.025	light	0	0	0.25	0	0	0	1	0	0	0	220	37	0	160	0	0	20080327	20080328	20080327
H2O2_Recov._set_2_0mM_000min_vs_NRC-1f.sig	0	0	0	0	0	0	0	light	0	0	0	0	0.4194	0	1	0	0	0	220	42	0	0	0	0	20070208	20070208	20070208
H2O2_Recov._set_2_0mM_010min_vs_NRC-1f.sig	0	0	0	0	0	0	0	light	0	0	0	0	0.4524	0	1	0	0	0	220	42	0	10	0	0	20070208	20070208	20070208
H2O2_Recov._set_2_0mM_020min_vs_NRC-1f.sig	0	0	0	0	0	0	0	light	0	0	0	0	0.4314	0	1	0	0	0	220	42	0	20	0	0	20070208	20070208	20070208
H2O2_Recov._set_2_0mM_030min_vs_NRC-1f.sig	0	0	0	0	0	0	0	light	0	0	0	0	0.4548	0	1	0	0	0	220	42	0	30	0	0	20070208	20070208	20070208
H2O2_Recov._set_2_0mM_040min_vs_NRC-1f.sig	0	0	0	0	0	0	0	light	0	0	0	0	0.4507	0	1	0	0	0	220	42	0	40	0	0	20070208	20070208	20070208
H2O2_Recov._set_2_0mM_050min_vs_NRC-1f.sig	0	0	0	0	0	0	0	light	0	0	0	0	0.4786	0	1	0	0	0	220	42	0	50	0	0	20070208	20070208	20070208
H2O2_Recov._set_2_0mM_060min_vs_NRC-1f.sig	0	0	0	0	0	0	0	light	0	0	0	0	0.474	0	1	0	0	0	220	42	0	60	0	0	20070208	20070208	20070208
H2O2_Recov._set_2_0mM_120min_vs_NRC-1f.sig	0	0	0	0	0	0	0	light	0	0	0	0	0.5228	0	1	0	0	0	220	42	0	120	0	0	20070208	20070208	20070208
H2O2_Recov._set_2_0mM_240min_vs_NRC-1f.sig	0	0	0	0	0	0	0	light	0	0	0	0	0.623	0	1	0	0	0	220	42	0	240	0	0	20070208	20070208	20070208
H2O2_Recov._set_2_25mM_000min_vs_NRC-1f.sig	0	0	0	0	0	0	0.025	light	0	0	0	0	0.3411	0	1	0	0	0	220	42	0	0	0	0	20070208	20070208	20070208
H2O2_Recov._set_2_25mM_010min_vs_NRC-1f.sig	0	0	0	0	0	0	0.025	light	0	0	0	0	0.363	0	1	0	0	0	220	42	0	10	0	0	20070208	20070208	20070208
H2O2_Recov._set_2_25mM_020min_vs_NRC-1f.sig	0	0	0	0	0	0	0.025	light	0	0	0	0	0.3531	0	1	0	0	0	220	42	0	20	0	0	20070208	20070208	20070208
H2O2_Recov._set_2_25mM_030min_vs_NRC-1f.sig	0	0	0	0	0	0	0.025	light	0	0	0	0	0.3597	0	1	0	0	0	220	42	0	30	0	0	20070208	20070208	20070208
H2O2_Recov._set_2_25mM_040min_vs_NRC-1f.sig	0	0	0	0	0	0	0.025	light	0	0	0	0	0.3594	0	1	0	0	0	220	42	0	40	0	0	20070208	20070208	20070208
H2O2_Recov._set_2_25mM_050min_vs_NRC-1f.sig	0	0	0	0	0	0	0.025	light	0	0	0	0	0.3629	0	1	0	0	0	220	42	0	50	0	0	20070208	20070208	20070208
H2O2_Recov._set_2_25mM_060min_vs_NRC-1f.sig	0	0	0	0	0	0	0.025	light	0	0	0	0	0.3524	0	1	0	0	0	220	42	0	60	0	0	20070208	20070208	20070208
H2O2_Recov._set_2_25mM_120min_vs_NRC-1f.sig	0	0	0	0	0	0	0.025	light	0	0	0	0	0.3624	0	1	0	0	0	220	42	0	120	0	0	20070208	20070208	20070208
H2O2_Recov._set_2_25mM_240min_vs_NRC-1f.sig	0	0	0	0	0	0	0.025	light	0	0	0	0	0.3785	0	1	0	0	0	220	42	0	240	0	0	20070208	20070208	20070208
H2O2_Recov._set_3_0mM_000min_vs_NRC-1f.sig	0	0	0	0	0	0	0	light	0	0	0	0	0.4549	0	1	0	0	0	220	42	0	0	0	0	20070221	20070221	20070221
H2O2_Recov._set_3_0mM_010min_vs_NRC-1f.sig	0	0	0	0	0	0	0	light	0	0	0	0	0.4771	0	1	0	0	0	220	42	0	10	0	0	20070221	20070221	20070221
H2O2_Recov._set_3_0mM_020min_vs_NRC-1f.sig	0	0	0	0	0	0	0	light	0	0	0	0	0.4971	0	1	0	0	0	220	42	0	20	0	0	20070221	20070221	20070221
H2O2_Recov._set_3_0mM_030min_vs_NRC-1f.sig	0	0	0	0	0	0	0	light	0	0	0	0	0.5194	0	1	0	0	0	220	42	0	30	0	0	20070221	20070221	20070221
H2O2_Recov._set_3_0mM_040min_vs_NRC-1f.sig	0	0	0	0	0	0	0	light	0	0	0	0	0.489	0	1	0	0	0	220	42	0	40	0	0	20070221	20070221	20070221
H2O2_Recov._set_3_0mM_050min_vs_NRC-1f.sig	0	0	0	0	0	0	0	light	0	0	0	0	0.5109	0	1	0	0	0	220	42	0	50	0	0	20070221	20070221	20070221
H2O2_Recov._set_3_0mM_060min_vs_NRC-1f.sig	0	0	0	0	0	0	0	light	0	0	0	0	0.5251	0	1	0	0	0	220	42	0	60	0	0	20070221	20070221	20070221
H2O2_Recov._set_3_0mM_120min_vs_NRC-1f.sig	0	0	0	0	0	0	0	light	0	0	0	0	0.5935	0	1	0	0	0	220	42	0	120	0	0	20070221	20070221	20070221
H2O2_Recov._set_3_0mM_240min_vs_NRC-1f.sig	0	0	0	0	0	0	0	light	0	0	0	0	0.7728	0	1	0	0	0	220	42	0	240	0	0	20070221	20070221	20070221
H2O2_Recov._set_3_25mM_000min_vs_NRC-1f.sig	0	0	0	0	0	0	0.025	light	0	0	0	0	0.4252	0	1	0	0	0	220	42	0	0	0	0	20070221	20070221	20070221
H2O2_Recov._set_3_25mM_010min_vs_NRC-1f.sig	0	0	0	0	0	0	0.025	light	0	0	0	0	0.4931	0	1	0	0	0	220	42	0	10	0	0	20070221	20070221	20070221
H2O2_Recov._set_3_25mM_020min_vs_NRC-1f.sig	0	0	0	0	0	0	0.025	light	0	0	0	0	0.4542	0	1	0	0	0	220	42	0	20	0	0	20070221	20070221	20070221
H2O2_Recov._set_3_25mM_030min_vs_NRC-1f.sig	0	0	0	0	0	0	0.025	light	0	0	0	0	0.4772	0	1	0	0	0	220	42	0	30	0	0	20070221	20070221	20070221
H2O2_Recov._set_3_25mM_040min_vs_NRC-1f.sig	0	0	0	0	0	0	0.025	light	0	0	0	0	0.4567	0	1	0	0	0	220	42	0	40	0	0	20070221	20070221	20070221
H2O2_Recov._set_3_25mM_050min_vs_NRC-1f.sig	0	0	0	0	0	0	0.025	light	0	0	0	0	0.4691	0	1	0	0	0	220	42	0	50	0	0	20070221	20070221	20070221
H2O2_Recov._set_3_25mM_060min_vs_NRC-1f.sig	0	0	0	0	0	0	0.025	light	0	0	0	0	0.4526	0	1	0	0	0	220	42	0	60	0	0	20070221	20070221	20070221
H2O2_Recov._set_3_25mM_120min_vs_NRC-1f.sig	0	0	0	0	0	0	0.025	light	0	0	0	0	0.5059	0	1	0	0	0	220	42	0	120	0	0	20070221	20070221	20070221
H2O2_Recov._set_3_25mM_240min_vs_NRC-1f.sig	0	0	0	0	0	0	0.025	light	0	0	0	0	0.5991	0	1	0	0	0	220	42	0	240	0	0	20070221	20070221	20070221
htlD__HO_D_vs_NRC-1	0	0	0	0	0	0	0	Dark	0	VNG5037G	0.16	0	0.796	0	1	0	0	0	220	37	0	0	50	0	20040301		
htlD__HO_L_vs_NRC-1	0	0	0	0	0	0	0	Light	0	VNG5037G	0.16	0	0.814	0	1	0	0	0	220	37	0	0	50	0	20040301		
htlD__LO_D_vs_NRC-1	0	0	0	0	0	0	0	Dark	0	VNG5037G	0.16	0	0.781	0	1	0	0	0	100	37	0	0	50	0	20040301		
htlD__LO_L_vs_NRC-1	0	0	0	0	0	0	0	Light	0	VNG5037G	0.16	0	0.785	0	1	0	0	0	100	37	0	0	50	0	20040301		
htr1__HO_D_vs_NRC-1	0	0	0	0	0	0	0	Dark	0	VNG1659G	0.16	0	0.785	0	1	0	0	0	220	37	0	0	50	0	20040301		
htr1__HO_L_vs_NRC-1	0	0	0	0	0	0	0	Light	0	VNG1659G	0.16	0	0.671	0	1	0	0	0	220	37	0	0	50	0	20040301		
htr1__LO_D_vs_NRC-1	0	0	0	0	0	0	0	Dark	0	VNG1659G	0.16	0	0.659	0	1	0	0	0	100	37	0	0	50	0	20040301		
htr1__LO_L_vs_NRC-1	0	0	0	0	0	0	0	Light	0	VNG1659G	0.16	0	0.707	0	1	0	0	0	100	37	0	0	50	0	20040301		
htr2__HO_D_vs_NRC-1	0	0	0	0	0	0	0	Dark	0	VNG1765G	0.16	0	0.754	0	1	0	0	0	220	37	0	0	50	0	20040301		
htr2__HO_L_vs_NRC-1	0	0	0	0	0	0	0	Light	0	VNG1765G	0.16	0	0.693	0	1	0	0	0	220	37	0	0	50	0	20040301		
htr2__LO_D_vs_NRC-1	0	0	0	0	0	0	0	Dark	0	VNG1765G	0.16	0	0.647	0	1	0	0	0	100	37	0	0	50	0	20040301		
htr2__LO_L_vs_NRC-1	0	0	0	0	0	0	0	Light	0	VNG1765G	0.16	0	0.68	0	1	0	0	0	100	37	0	0	50	0	20040301		
htr8__HO_D_vs_NRC-1	0	0	0	0	0	0	0	Dark	0	VNG1523G	0.16	0	0.768	0	1	0	0	0	220	37	0	0	50	0	20040301		
htr8__HO_L_vs_NRC-1	0	0	0	0	0	0	0	Light	0	VNG1523G	0.16	0	0.74	0	1	0	0	0	220	37	0	0	50	0	20040301		
htr8__LO_D_vs_NRC-1	0	0	0	0	0	0	0	Dark	0	VNG1523G	0.16	0	0.723	0	1	0	0	0	100	37	0	0	50	0	20040301		
htr8__LO_L_vs_NRC-1	0	0	0	0	0	0	0	Light	0	VNG1523G	0.16	0	0.727	0	1	0	0	0	100	37	0	0	50	0	20040301		
idr1-2_0min_-EDTA_CM_vs_NRC1-h1.sig	0	0	0	0	0	0	0	0	0	0	0	20	0.734	0	10	0	0	6.8	0	37	0	0	50	0	20090401		
idr1-2_0min_1mM_EDTA_vs_NRC1-h1.sig	0	1	0	0	0	0	0	0	0	0	0	0	0.759	0	0	0	0	6.8	0	37	0	0	0	0	20090522		20090521
idr1-2_20min_-EDTA_CM_vs_NRC1-h1.sig	0	0	0	0	0	0	0	0	0	0	0	20	0.734	0	10	0	0	6.8	0	37	0	20	50	0	20090401		
idr1-2_20min_1mM_EDTA_vs_NRC1-h1.sig	0	1	0	0	0	0	0	0	0	0	0	0	0.759	0	0	0	0	6.8	0	37	0	20	0	0	20090522		20090521
idr1-2_40min_-EDTA_CM_vs_NRC1-h1.sig	0	0	0	0	0	0	0	0	0	0	0	20	0.734	0	10	0	0	6.8	0	37	0	40	50	0	20090401		
idr1-2_40min_1mM_EDTA_vs_NRC1-h1.sig	0	1	0	0	0	0	0	0	0	0	0	0	0.759	0	0	0	0	6.8	0	37	0	40	0	0	20090522		20090521
idr1-2_60min_-EDTA_CM_vs_NRC1-h1.sig	0	0	0	0	0	0	0	0	0	0	0	20	0.734	0	10	0	0	6.8	0	37	0	60	50	0	20090401		
idr1-2_60min_1mM_EDTA_vs_NRC1-h1.sig	0	1	0	0	0	0	0	0	0	0	0	0	0.759	0	0	0	0	6.8	0	37	0	60	0	0	20090522		20090521
idr1_0min_-EDTA_CM_vs_NRC1-h1.sig	0	0	0	0	0	0	0	0	0	VNG2579G	0	20	0.794	0	10	0	0	6.8	0	37	0	0	50	0	20090401		
idr1_0min_1mM_EDTA_vs_NRC1-h1.sig	0	1	0	0	0	0	0	0	0	VNG2579G	0	0	0.759	0	0	0	0	6.8	0	37	0	0	0	0	20090522		20090521
idr1_20min_-EDTA_CM_vs_NRC1-h1.sig	0	0	0	0	0	0	0	0	0	VNG2579G	0	20	0.794	0	10	0	0	6.8	0	37	0	20	50	0	20090401		
idr1_20min_1mM_EDTA_vs_NRC1-h1.sig	0	1	0	0	0	0	0	0	0	VNG2579G	0	0	0.759	0	0	0	0	6.8	0	37	0	20	0	0	20090522		20090521
idr1_40min_-EDTA_CM_vs_NRC1-h1.sig	0	0	0	0	0	0	0	0	0	VNG2579G	0	20	0.794	0	10	0	0	6.8	0	37	0	40	50	0	20090401		
idr1_40min_1mM_EDTA_vs_NRC1-h1.sig	0	1	0	0	0	0	0	0	0	VNG2579G	0	0	0.759	0	0	0	0	6.8	0	37	0	40	0	0	20090522		20090521
idr1_60min_-EDTA_CM_vs_NRC1-h1.sig	0	0	0	0	0	0	0	0	0	VNG2579G	0	20	0.794	0	10	0	0	6.8	0	37	0	60	50	0	20090401		
idr1_60min_1mM_EDTA_vs_NRC1-h1.sig	0	1	0	0	0	0	0	0	0	VNG2579G	0	0	0.759	0	0	0	0	6.8	0	37	0	60	0	0	20090522		20090521
idr2_0min_-EDTA_CM_vs_NRC1-h1.sig	0	0	0	0	0	0	0	0	0	VNG0835G	0	20	0.78	0	10	0	0	6.8	0	37	0	0	50	0	20090401		
idr2_0min_1mM_EDTA_vs_NRC1-h1.sig	0	1	0	0	0	0	0	0	0	VNG0835G	0	0	0.759	0	0	0	0	6.8	0	37	0	0	0	0	20090522		20090521
idr2_20min_-EDTA_CM_vs_NRC1-h1.sig	0	0	0	0	0	0	0	0	0	VNG0835G	0	20	0.78	0	10	0	0	6.8	0	37	0	20	50	0	20090401		
idr2_20min_1mM_EDTA_vs_NRC1-h1.sig	0	1	0	0	0	0	0	0	0	VNG0835G	0	0	0.759	0	0	0	0	6.8	0	37	0	20	0	0	20090522		20090521
idr2_40min_-EDTA_CM_vs_NRC1-h1.sig	0	0	0	0	0	0	0	0	0	VNG0835G	0	20	0.78	0	10	0	0	6.8	0	37	0	40	50	0	20090401		
idr2_40min_1mM_EDTA_vs_NRC1-h1.sig	0	1	0	0	0	0	0	0	0	VNG0835G	0	0	0.759	0	0	0	0	6.8	0	37	0	40	0	0	20090522		20090521
idr2_60min_-EDTA_CM_vs_NRC1-h1.sig	0	0	0	0	0	0	0	0	0	VNG0835G	0	20	0.78	0	10	0	0	6.8	0	37	0	60	50	0	20090401		
idr2_60min_1mM_EDTA_vs_NRC1-h1.sig	0	1	0	0	0	0	0	0	0	VNG0835G	0	0	0.759	0	0	0	0	6.8	0	37	0	60	0	0	20090522		20090521
kinA2_II__HO_D_vs_NRC-1c	0	0	0	0	0	0	0	Dark	0	VNG0736G	0.16	0	0.716	0	1	0	0	0	220	37	0	0	50	0	20040301		
kinA2_II__HO_L_vs_NRC-1c	0	0	0	0	0	0	0	Light	0	VNG0736G	0.16	0	0.773	0	1	0	0	0	220	37	0	0	50	0	20040301		
kinA2_II__LO_D_vs_NRC-1c	0	0	0	0	0	0	0	Dark	0	VNG0736G	0.16	0	0.654	0	1	0	0	0	100	37	0	0	50	0	20040301		
kinA2_II__LO_L_vs_NRC-1c	0	0	0	0	0	0	0	Light	0	VNG0736G	0.16	0	0.66	0	1	0	0	0	100	37	0	0	50	0	20040301		
kinA2_I__HO_D_vs_NRC-1	0	0	0	0	0	0	0	Dark	0	VNG0736G	0.16	0	0.784	0	1	0	0	0	220	37	0	0	50	0	20040301		
kinA2_I__HO_L_vs_NRC-1	0	0	0	0	0	0	0	Light	0	VNG0736G	0.16	0	0.683	0	1	0	0	0	220	37	0	0	50	0	20040301		
kinA2_I__LO_D_vs_NRC-1	0	0	0	0	0	0	0	Dark	0	VNG0736G	0.16	0	0.667	0	1	0	0	0	100	37	0	0	50	0	20040301		
kinA2_I__LO_L_vs_NRC-1	0	0	0	0	0	0	0	Light	0	VNG0736G	0.16	0	0.689	0	1	0	0	0	100	37	0	0	50	0	20040301		
KO_1179C.1_0.1694_vs_NRC-1_h1.sig	0	0	0	0	0	0	0	0	0	VNG1179C	0	0	0.1694	0	0	0	0	6.8	0	37	5	1034	50	0	20090609		20090605
KO_1179C.1_0.3684_vs_NRC-1_h1.sig	0	0	0	0	0	0	0	0	0	VNG1179C	0	0	0.3684	0	0	0	0	6.8	0	37	5	2138	50	0	20090609		20090605
KO_1179C.1_0.613_vs_NRC-1_h1.sig	0	0	0	0	0	0	0	0	0	VNG1179C	0	0	0.613	0	0	0	0	6.8	0	37	5	2832	50	0	20090609		20090605
KO_1179C.1_1.1488_vs_NRC-1_h1.sig	0	0	0	0	0	0	0	0	0	VNG1179C	0	0	1.1488	0	0	0	0	6.8	0	37	5	4095	50	0	20090609		20090605
KO_1179C.2_0.1699_vs_NRC-1_h1.sig	0	0	0	0	0	0	0	0	0	VNG1179C	0	0	0.1699	0	0	0	0	6.8	0	37	5	1034	50	0	20090610		20090605
KO_1179C.2_0.3565_vs_NRC-1_h1.sig	0	0	0	0	0	0	0	0	0	VNG1179C	0	0	0.3565	0	0	0	0	6.8	0	37	5	2138	50	0	20090610		20090605
KO_1179C.2_0.6018_vs_NRC-1_h1.sig	0	0	0	0	0	0	0	0	0	VNG1179C	0	0	0.6018	0	0	0	0	6.8	0	37	5	2832	50	0	20090610		20090605
KO_1179C.2_1.1273_vs_NRC-1_h1.sig	0	0	0	0	0	0	0	0	0	VNG1179C	0	0	1.1273	0	0	0	0	6.8	0	37	5	4095	50	0	20090610		20090605
KO_1237.2_0.218_vs_NRC-1_h1.sig	0	0	0	0	0	0	0	0	0	VNG1237C	0	20	0.218	0	0	0	0	6.8	0	37	5	1034	50	0	20090610		20090605
KO_1237.2_0.3619_vs_NRC-1_h1.sig	0	0	0	0	0	0	0	0	0	VNG1237C	0	20	0.3619	0	0	0	0	6.8	0	37	5	2138	50	0	20090610		20090605
KO_1237.2_0.3745_vs_NRC-1_h1.sig	0	0	0	0	0	0	0	0	0	VNG1237C	0	20	0.3745	0	0	0	0	6.8	0	37	5	2832	50	0	20090610		20090605
KO_1237.2_0.4319_vs_NRC-1_h1.sig	0	0	0	0	0	0	0	0	0	VNG1237C	0	20	0.4319	0	0	0	0	6.8	0	37	5	4095	50	0	20090610		20090605
KO_1237C.1_0.2219_vs_NRC-1_h1.sig	0	0	0	0	0	0	0	0	0	VNG1237C	0	0	0.2219	0	0	0	0	6.8	0	37	5	1034	50	0	20090610		20090605
KO_1237C.1_0.3505_vs_NRC-1_h1.sig	0	0	0	0	0	0	0	0	0	VNG1237C	0	0	0.3505	0	0	0	0	6.8	0	37	5	2138	50	0	20090610		20090605
KO_1237C.1_0.4056_vs_NRC-1_h1.sig	0	0	0	0	0	0	0	0	0	VNG1237C	0	0	0.4056	0	0	0	0	6.8	0	37	5	2832	50	0	20090610		20090605
KO_1237C.1_0.4442_vs_NRC-1_h1.sig	0	0	0	0	0	0	0	0	0	VNG1237C	0	0	0.4442	0	0	0	0	6.8	0	37	5	4095	50	0	20090610		20090605
KO_trh6.1_0.1689_vs_NRC-1_h1.sig	0	0	0	0	0	0	0	0	0	VNG1351G	0	0	0.1689	0	0	0	0	6.8	0	37	5	1034	50	0	20090610		20090605
KO_trh6.1_0.3532_vs_NRC-1_h1.sig	0	0	0	0	0	0	0	0	0	VNG1351G	0	0	0.3532	0	0	0	0	6.8	0	37	5	2138	50	0	20090610		20090605
KO_trh6.1_0.4762_vs_NRC-1_h1.sig	0	0	0	0	0	0	0	0	0	VNG1351G	0	0	0.4762	0	0	0	0	6.8	0	37	5	2832	50	0	20090610		20090605
KO_trh6.1_0.7964_vs_NRC-1_h1.sig	0	0	0	0	0	0	0	0	0	VNG1351G	0	0	0.7964	0	0	0	0	6.8	0	37	5	4095	50	0	20090610		20090605
KO_trh6.2_0.1677_vs_NRC-1_h1.sig	0	0	0	0	0	0	0	0	0	VNG1351G	0	0	0.1677	0	0	0	0	6.8	0	37	5	1034	50	0	20090610		20090605
KO_trh6.2_0.3621_vs_NRC-1_h1.sig	0	0	0	0	0	0	0	0	0	VNG1351G	0	0	0.3621	0	0	0	0	6.8	0	37	5	2138	50	0	20090610		20090605
KO_trh6.2_0.5162_vs_NRC-1_h1.sig	0	0	0	0	0	0	0	0	0	VNG1351G	0	0	0.5162	0	0	0	0	6.8	0	37	5	2832	50	0	20090610		20090605
KO_trh6.2_0.838_vs_NRC-1_h1.sig	0	0	0	0	0	0	0	0	0	VNG1351G	0	0	0.838	0	0	0	0	6.8	0	37	5	4095	50	0	20090610		20090605
KO_trh7.1_0.1442_vs_NRC-1_h1.sig	0	0	0	0	0	0	0	0	0	VNG1123G	0	20	0.1442	0	0	0	0	6.8	0	37	5	1034	50	0	20090610		20090605
KO_trh7.1_0.3293_vs_NRC-1_h1.sig	0	0	0	0	0	0	0	0	0	VNG1123G	0	20	0.3293	0	0	0	0	6.8	0	37	5	2138	50	0	20090610		20090605
KO_trh7.1_0.5217_vs_NRC-1_h1.sig	0	0	0	0	0	0	0	0	0	VNG1123G	0	20	0.5217	0	0	0	0	6.8	0	37	5	2832	50	0	20090610		20090605
KO_trh7.2_0.1446_vs_NRC-1_h1.sig	0	0	0	0	0	0	0	0	0	VNG1123G	0	20	0.1446	0	0	0	0	6.8	0	37	5	1034	50	0	20090610		20090605
KO_trh7.2_0.3424_vs_NRC-1_h1.sig	0	0	0	0	0	0	0	0	0	VNG1123G	0	20	0.3424	0	0	0	0	6.8	0	37	5	2138	50	0	20090610		20090605
KO_trh7.2_0.5404_vs_NRC-1_h1.sig	0	0	0	0	0	0	0	0	0	VNG1123G	0	20	0.5404	0	0	0	0	6.8	0	37	5	2832	50	0	20090610		20090605
KO_trh7.2_1.081_vs_NRC-1_h1.sig	0	0	0	0	0	0	0	0	0	VNG1123G	0	20	1.081	0	0	0	0	6.8	0	37	5	4095	50	0	20090610		20090605
KO_ura3.2_0.1716_vs_NRC-1_h1.sig	0	0	0	0	0	0	0	0	0	VNG1673G	0	0	0.1716	0	0	0	0	6.8	0	37	5	915	50	0	20080918		20080918
KO_ura3.2_0.3207_vs_NRC-1_h1.sig	0	0	0	0	0	0	0	0	0	VNG1673G	0	0	0.3207	0	0	0	0	6.8	0	37	5	1587	50	0	20080918		20080918
KO_ura3.2_0.4308_vs_NRC-1_h1.sig	0	0	0	0	0	0	0	0	0	VNG1673G	0	0	0.4308	0	0	0	0	6.8	0	37	5	2640	50	0	20080918		20080918
KO_ura3.2_0.5084_vs_NRC-1_h1.sig	0	0	0	0	0	0	0	0	0	VNG1673G	0	0	0.5084	0	0	0	0	6.8	0	37	5	3817	50	0	20080918		20080918
KO_ura3.3_0.1673_vs_NRC-1_h1.sig	0	0	0	0	0	0	0	0	0	VNG1673G	0	0	0.1673	0	0	0	0	6.8	0	37	5	1034	50	0	20090610		20090605
KO_ura3.3_0.274_vs_NRC-1_h1.sig	0	0	0	0	0	0	0	0	0	VNG1673G	0	0	0.274	0	0	0	0	6.8	0	37	5	2138	50	0	20090610		20090605
KO_ura3.3_0.4452_vs_NRC-1_h1.sig	0	0	0	0	0	0	0	0	0	VNG1673G	0	0	0.4452	0	0	0	0	6.8	0	37	5	2832	50	0	20090610		20090605
KO_ura3.3_0.8976_vs_NRC-1_h1.sig	0	0	0	0	0	0	0	0	0	VNG1673G	0	0	0.8976	0	0	0	0	6.8	0	37	5	4095	50	0	20090610		20090605
KO_ura3.4_0.1642_vs_NRC-1_h1.sig	0	0	0	0	0	0	0	0	0	VNG1673G	0	0	0.1642	0	0	0	0	6.8	0	37	5	1034	50	0	20090610		20090605
KO_ura3.4_0.2812_vs_NRC-1_h1.sig	0	0	0	0	0	0	0	0	0	VNG1673G	0	0	0.2812	0	0	0	0	6.8	0	37	5	2138	50	0	20090610		20090605
KO_ura3.4_0.4645_vs_NRC-1_h1.sig	0	0	0	0	0	0	0	0	0	VNG1673G	0	0	0.4645	0	0	0	0	6.8	0	37	5	2832	50	0	20090610		20090605
KO_ura3.4_0.9128_vs_NRC-1_h1.sig	0	0	0	0	0	0	0	0	0	VNG1673G	0	0	0.9128	0	0	0	0	6.8	0	37	5	4095	50	0	20090610		20090605
MDM200gSalt_0.199_vs_NRC-1e.sig	0	0	0	0	0	0	0	light	0	0	0.5	0	0.199	0	1	0	0	0	210	37	0	840	0	0	20060915	20060915	20060915
MDM200gSalt_0.388_vs_NRC-1e.sig	0	0	0	0	0	0	0	light	0	0	0.5	0	0.388	0	1	0	0	0	210	37	0	1560	0	0	20060915	20060915	20060915
MDM200gSalt_0.466_vs_NRC-1e.sig	0	0	0	0	0	0	0	light	0	0	0.5	0	0.466	0	1	0	0	0	210	37	0	2100	0	0	20060915	20060915	20060915
MDM200gSalt_0.534_vs_NRC-1e.sig	0	0	0	0	0	0	0	light	0	0	0.5	0	0.534	0	1	0	0	0	210	37	0	2700	0	0	20060915	20060915	20060915
MDM250gSalt_0.204_vs_NRC-1e.sig	0	0	0	0	0	0	0	light	0	0	0.5	0	0.204	0	1	0	0	0	210	37	0	840	0	0	20060915	20060915	20060915
MDM250gSalt_0.396_vs_NRC-1e.sig	0	0	0	0	0	0	0	light	0	0	0.5	0	0.396	0	1	0	0	0	210	37	0	1560	0	0	20060915	20060915	20060915
MDM250gSalt_0.481_vs_NRC-1e.sig	0	0	0	0	0	0	0	light	0	0	0.5	0	0.481	0	1	0	0	0	210	37	0	2100	0	0	20060915	20060915	20060915
MDM250gSalt_0.49_vs_NRC-1e.sig	0	0	0	0	0	0	0	light	0	0	0.5	0	0.49	0	1	0	0	0	210	37	0	2700	0	0	20060915	20060915	20060915
NRC-1b_vs_NRC-1a.sig	0	0	0	0	0	0	0	light	0	0	0	0	0.852	0	1	0	0	0	220	37	0	0	50	0	20061003		
NRC-1c_vs_NRC-1d.sig	0	0	0	0	0	0	0	light	0	0	0	0	0.725	0	1	0	0	0	220	37	0	0	50	0	20061003		
NRC-1f_vs_NRC-1g.sig	0	0	0	0	0	0	0	light	0	0	0	0	0.67	0	1	0	0	0	220	37	0	0	0	0	20070606	20070606	20070606
NRC-1_control_1week_vs_NRC-1h1.sig	0	0	0	10080	0	0	0	0	0	0	0	0	1.2	0	1	0	0	0	220	37	0	0	0	0	20081107	20081107	20081107
NRC-1_control_2days_vs_NRC-1h1.sig	0	0	0	10080	0	0	0	0	0	0	0	0	1.2	0	1	0	0	0	220	37	0	0	0	0	20081107	20081107	20081107
NRC-1_neg20C_1week_vs_NRC-1h1.sig	0	0	0	10080	0	0	0	0	0	0	0	0	1.2	0	1	0	0	0	220	37	0	0	0	0	20081107	20081107	20081107
NRC-1_vs_NRC-1c.sig	0	0	0	0	0	0	0	light	0	0	0	0	0.835	0	1	0	0	0	220	37	0	0	50	0	20061003		
NRC-1__HO_D_vs_NRC-1	0	0	0	0	0	0	0	Dark	0	0	0.16	0	0.884	0	1	0	0	0	220	37	0	0	50	0	20040301		
NRC-1__HO_L_vs_NRC-1	0	0	0	0	0	0	0	Light	0	0	0.16	0	0.823	0	1	0	0	0	220	37	0	0	50	0	20040301		
NRC-1__LO_D_vs_NRC-1	0	0	0	0	0	0	0	Dark	0	0	0.16	0	0.852	0	1	0	0	0	100	37	0	0	50	0	20040301		
NRC-1__LO_L_vs_NRC-1	0	0	0	0	0	0	0	Light	0	0	0.16	0	0.883	0	1	0	0	0	100	37	0	0	50	0	20040301		
NRC1e_vs_NRC1f.sig	0	0	0	0	0	0	0	0	0	0	0	0	0.68	0	0	0	0	0	0	0	0	0	0	0	20070629		
NRC1e_vs_NRC1f_ctrl.sig	0	0	0	0	0	0	0	0	0	0	0	0	0	0	10	0	0	6.8	0	37	0	0	50	0	20070110		
NRC1_03720_0.234_rep2_vs_NRC-1g.sig	0	0	0	0	0	0	0	Light	150	0	0.2	0	0.234	0	0	High	0	0	125	37	0	3720	0	0	20070606		20070424
NRC1_03720_0.259_rep1_vs_NRC-1g.sig	0	0	0	0	0	0	0	Light	150	0	0.2	0	0.259	0	0	High	0	0	125	37	0	3720	0	0	20070424		20070424
NRC1_03960_0.364_rep1_vs_NRC-1g.sig	0	0	0	0	0	0	0	Light	150	0	0.2	0	0.364	0	0	High	0	0	125	37	0	3960	0	0	20070424		20070424
NRC1_03960_0.409_rep2_vs_NRC-1g.sig	0	0	0	0	0	0	0	Light	150	0	0.2	0	0.409	0	0	High	0	0	125	37	0	3960	0	0	20070606		20070424
NRC1_04320_0.578_rep2_vs_NRC-1g.sig	0	0	0	0	0	0	0	Light	150	0	0.2	0	0.578	0	0	High	0	0	125	37	0	4320	0	0	20070606		20070424
NRC1_04320_0.590_rep1_vs_NRC-1g.sig	0	0	0	0	0	0	0	Light	150	0	0.2	0	0.59	0	0	High	0	0	125	37	0	4320	0	0	20070424		20070424
NRC1_04476_0.715_rep2_vs_NRC-1g.sig	0	0	0	0	0	0	0	Light	150	0	0.2	0	0.715	0	0	High	0	0	125	37	0	4476	0	0	20070606		20070424
NRC1_04476_0.762_rep1_vs_NRC-1g.sig	0	0	0	0	0	0	0	Light	150	0	0.2	0	0.762	0	0	High	0	0	125	37	0	4476	0	0	20070424		20070424
NRC1_05400_0.786_rep2_vs_NRC-1g.sig	0	0	0	0	0	0	0	Light	150	0	0.2	0	0.786	0	0	High	0	0	125	37	0	5400	0	0	20070606		20070424
NRC1_05400_0.803_rep1_vs_NRC-1g.sig	0	0	0	0	0	0	0	Light	150	0	0.2	0	0.803	0	0	High	0	0	125	37	0	5400	0	0	20070424		20070424
NRC1_05778_0.710_rep1vs_NRC-1g.sig	0	0	0	0	0	0	0	Light	150	0	0.2	0	0.71	0	0	High	0	0	125	37	0	5778	0	0	20070424		20070424
NRC1_05778_0.722_rep2_vs_NRC-1g.sig	0	0	0	0	0	0	0	Light	150	0	0.2	0	0.722	0	0	High	0	0	125	37	0	5778	0	0	20070606		20070424
NRC1_07020_1.318_rep2_vs_NRC-1g.sig	0	0	0	0	0	0	0	Light	150	0	0.2	0	1.318	0	0	High	0	0	125	37	0	7020	0	0	20070606		20070424
NRC1_07020_1.329_rep1_vs_NRC-1g.sig	0	0	0	0	0	0	0	Light	150	0	0.2	0	1.329	0	0	High	0	0	125	37	0	7020	0	0	20070424		20070424
NRC1_07740_2.580_rep1_vs_NRC-1g.sig	0	0	0	0	0	0	0	Light	150	0	0.2	0	2.58	0	0	High	0	0	125	37	0	7740	0	0	20070424		20070424
NRC1_07740_2.681_rep2_vs_NRC-1g.sig	0	0	0	0	0	0	0	Light	150	0	0.2	0	2.681	0	0	High	0	0	125	37	0	7740	0	0	20070606		20070424
NRC1_08460_3.510_rep1_vs_NRC-1g.sig	0	0	0	0	0	0	0	Light	150	0	0.2	0	3.51	0	0	High	0	0	125	37	0	8460	0	0	20070424		20070424
NRC1_08460_3.840_rep2_vs_NRC-1g.sig	0	0	0	0	0	0	0	Light	150	0	0.2	0	3.84	0	0	High	0	0	125	37	0	8460	0	0	20070606		20070424
NRC1_09540_4.690_rep2_vs_NRC-1g.sig	0	0	0	0	0	0	0	Light	150	0	0.2	0	4.69	0	0	High	0	0	125	37	0	9540	0	0	20070606		20070424
NRC1_09540_4.860_rep1_vs_NRC-1g.sig	0	0	0	0	0	0	0	Light	150	0	0.2	0	4.86	0	0	High	0	0	125	37	0	9540	0	0	20070424		20070424
NRC1_10260_4.540_rep2_vs_NRC-1g.sig	0	0	0	0	0	0	0	Light	150	0	0.2	0	4.54	0	0	High	0	0	125	37	0	10260	0	0	20070606		20070424
NRC1_10260_4.860_rep1_vs_NRC-1g.sig	0	0	0	0	0	0	0	Light	150	0	0.2	0	4.86	0	0	High	0	0	125	37	0	10260	0	0	20070424		20070424
NRC1_10980_4.935_rep2_vs_NRC-1g.sig	0	0	0	0	0	0	0	Light	150	0	0.2	0	4.935	0	0	High	0	0	125	37	0	10980	0	0	20070606		20070424
NRC1_10980_5.130_rep1_vs_NRC-1g.sig	0	0	0	0	0	0	0	Light	150	0	0.2	0	5.13	0	0	High	0	0	125	37	0	10980	0	0	20070424		20070424
NRC1_11700_5.640_rep1_vs_NRC-1g.sig	0	0	0	0	0	0	0	Light	150	0	0.2	0	5.64	0	0	High	0	0	125	37	0	11700	0	0	20070424		20070424
NRC1_11700_5.730_rep2_vs_NRC-1g.sig	0	0	0	0	0	0	0	Light	150	0	0.2	0	5.73	0	0	High	0	0	125	37	0	11700	0	0	20070606		20070424
NRC1_H2O_0540_0.220_rep2_vs_NRC-1g.sig	0	0	0	0	0	0	0	light	0	0	0.5	0	0.22	0	1	0	0	0	220	37	0	540	0	0	20070810		20070810
NRC1_H2O_0540_0.225_rep1_vs_NRC-1g.sig	0	0	0	0	0	0	0	light	0	0	0.5	0	0.225	0	1	0	0	0	220	37	0	540	0	0	20070809	20070809	20070809
NRC1_H2O_0890_0.468_rep2_vs_NRC-1g.sig	0	0	0	0	0	0	0	light	0	0	0.5	0	0.468	0	1	0	0	0	220	37	0	890	0	0	20070810		20070810
NRC1_H2O_0890_0.496_rep1_vs_NRC-1g.sig	0	0	0	0	0	0	0	light	0	0	0.5	0	0.496	0	1	0	0	0	220	37	0	890	0	0	20070809	20070809	20070809
NRC1_H2O_1260_0.807_rep1_vs_NRC-1g.sig	0	0	0	0	0	0	0	light	0	0	0.5	0	0.807	0	1	0	0	0	220	37	0	1260	0	0	20070809	20070809	20070809
NRC1_H2O_1260_0.830_rep2_vs_NRC-1g.sig	0	0	0	0	0	0	0	light	0	0	0.5	0	0.83	0	1	0	0	0	220	37	0	1260	0	0	20070810		20070810
NRC1_H2O_1860_0.733_rep2_vs_NRC-1g.sig	0	0	0	0	0	0	0	light	0	0	0.5	0	0.733	0	1	0	0	0	220	37	0	1860	0	0	20070810		20070810
NRC1_H2O_1860_0.758_rep1_vs_NRC-1g.sig	0	0	0	0	0	0	0	light	0	0	0.5	0	0.758	0	1	0	0	0	220	37	0	1860	0	0	20070809	20070809	20070809
NRC1_H2O_2280_0.764_rep2_vs_NRC-1g.sig	0	0	0	0	0	0	0	light	0	0	0.5	0	0.764	0	1	0	0	0	220	37	0	2280	0	0	20070810		20070810
NRC1_H2O_2280_0.781_rep1_vs_NRC-1g.sig	0	0	0	0	0	0	0	light	0	0	0.5	0	0.781	0	1	0	0	0	220	37	0	2280	0	0	20070809	20070809	20070809
NRC1_H2O_2760_0.913_rep1_vs_NRC-1g.sig	0	0	0	0	0	0	0	light	0	0	0.5	0	0.913	0	1	0	0	0	220	37	0	2760	0	0	20070809	20070809	20070809
NRC1_H2O_2760_0.913_rep2_vs_NRC-1g.sig	0	0	0	0	0	0	0	light	0	0	0.5	0	0.913	0	1	0	0	0	220	37	0	2760	0	0	20070810		20070810
NRC1_H2O_3120_1.023_rep1_vs_NRC-1g.sig	0	0	0	0	0	0	0	light	0	0	0.5	0	1.023	0	1	0	0	0	220	37	0	3120	0	0	20070809	20070809	20070809
NRC1_H2O_3120_1.086_rep2_vs_NRC-1g.sig	0	0	0	0	0	0	0	light	0	0	0.5	0	1.086	0	1	0	0	0	220	37	0	3120	0	0	20070810		20070810
NRC1_Uracil_0540_0.200_rep1_vs_NRC-1g.sig	0	0	0	0	0	0	0	Light	0	0	0.5	0	0.2	0	1	0	0	0	220	37	0	540	50	0	20070807	20070807	20070807
NRC1_Uracil_0540_0.205_rep2_vs_NRC-1g.sig	0	0	0	0	0	0	0	light	0	0	0.5	0	0.205	0	1	0	0	0	220	37	0	540	50	0	20070808	20070808	20070808
NRC1_Uracil_0890_0.420_rep2_vs_NRC-1g.sig	0	0	0	0	0	0	0	light	0	0	0.5	0	0.42	0	1	0	0	0	220	37	0	890	50	0	20070808	20070808	20070808
NRC1_Uracil_0890_0.440_rep1_vs_NRC-1g.sig	0	0	0	0	0	0	0	Light	0	0	0.5	0	0.44	0	1	0	0	0	220	37	0	890	50	0	20070807	20070807	20070807
NRC1_Uracil_1260_0.785_rep1_vs_NRC-1g.sig	0	0	0	0	0	0	0	Light	0	0	0.5	0	0.785	0	1	0	0	0	220	37	0	1260	50	0	20070807	20070807	20070807
NRC1_Uracil_1260_0.812_rep2_vs_NRC-1g.sig	0	0	0	0	0	0	0	light	0	0	0.5	0	0.812	0	1	0	0	0	220	37	0	1260	50	0	20070808	20070808	20070808
NRC1_Uracil_1860_0.882_rep1_vs_NRC-1g.sig	0	0	0	0	0	0	0	Light	0	0	0.5	0	0.882	0	1	0	0	0	220	37	0	1860	50	0	20070807	20070807	20070807
NRC1_Uracil_1860_0.912_rep2_vs_NRC-1g.sig	0	0	0	0	0	0	0	light	0	0	0.5	0	0.912	0	1	0	0	0	220	37	0	1860	50	0	20070808	20070808	20070808
NRC1_Uracil_2280_0.876_rep1_vs_NRC-1g.sig	0	0	0	0	0	0	0	Light	0	0	0.5	0	0.876	0	1	0	0	0	220	37	0	2280	50	0	20070807	20070807	20070807
NRC1_Uracil_2280_0.881_rep2_vs_NRC-1g.sig	0	0	0	0	0	0	0	light	0	0	0.5	0	0.881	0	1	0	0	0	220	37	0	2280	50	0	20070808	20070808	20070808
NRC1_Uracil_2760_1.039_rep1_vs_NRC-1g.sig	0	0	0	0	0	0	0	Light	0	0	0.5	0	1.039	0	1	0	0	0	220	37	0	2760	50	0	20070807	20070807	20070807
NRC1_Uracil_2760_1.133_rep2_vs_NRC-1g.sig	0	0	0	0	0	0	0	light	0	0	0.5	0	1.133	0	1	0	0	0	220	37	0	2760	50	0	20070808	20070808	20070808
NRC1_Uracil_3120_1.296_rep2_vs_NRC-1g.sig	0	0	0	0	0	0	0	light	0	0	0.5	0	1.296	0	1	0	0	0	220	37	0	3120	50	0	20070808	20070808	20070808
NRC1_Uracil_3120_1.341_rep1_vs_NRC-1g.sig	0	0	0	0	0	0	0	Light	0	0	0.5	0	1.341	0	1	0	0	0	220	37	0	3120	50	0	20070807	20070807	20070807
o2__-001m_L2H_005	9:11	0	0	0	0	0	0	Light	0	0	0	0	0.7	0	1	50	0	0	0	37	0	-1	0	0	20040922
o2__0001m_L2H_500	9:14	0	0	0	0	0	0	Light	0	0	0	0	0.7	0	1	50	0	0	0	37	0	1	0	0	20040922
o2__0005m_H_922	9:19	0	0	0	0	0	0	Light	0	0	0	0	0.7	0	1	50	0	0	0	37	0	5	0	0	20040922
o2__0010m_H_947	9:24	0	0	0	0	0	0	Light	0	0	0	0	0.7	0	1	50	0	0	0	37	0	10	0	0	20040922
o2__0020m_H_937	9:34	0	0	0	0	0	0	Light	0	0	0	0	0.7	0	1	50	0	0	0	37	0	20	0	0	20040922
o2__0030m_H_931	9:44	0	0	0	0	0	0	Light	0	0	0	0	0.7	0	1	50	0	0	0	37	0	30	0	0	20040922
o2__0045m_H_939	9:59	0	0	0	0	0	0	Light	0	0	0	0	0.7	0	1	50	0	0	0	37	0	45	0	0	20040922
o2__0090m_H_941	10:44	0	0	0	0	0	0	Light	0	0	0	0	0.7	0	1	50	0	0	0	37	0	90	0	0	20040922
o2__0180m_H_930	12:14	0	0	0	0	0	0	Light	0	0	0	0	0.7	0	1	50	0	0	0	37	0	180	0	0	20040922
o2__0360m_H_903	15:14	0	0	0	0	0	0	Light	0	0	0	0	0.7	0	1	50	0	0	0	37	0	360	0	0	20040922
o2__0362m_H2L_860	15:16	0	0	0	0	0	0	Light	0	0	0	0	0.7	0	1	50	0	0	0	37	0	362	0	0	20040922
o2__0367m_H2L_215	15:21	0	0	0	0	0	0	Light	0	0	0	0	0.7	0	1	50	0	0	0	37	0	367	0	0	20040922
o2__0372m_H2L_079	15:26	0	0	0	0	0	0	Light	0	0	0	0	0.7	0	1	50	0	0	0	37	0	372	0	0	20040922
o2__0382m_H2L_048	15:36	0	0	0	0	0	0	Light	0	0	0	0	0.7	0	1	50	0	0	0	37	0	382	0	0	20040922
o2__0387m_L_041	15:41	0	0	0	0	0	0	Light	0	0	0	0	0.7	0	1	50	0	0	0	37	0	387	0	0	20040922
o2__0392m_L_037	15:46	0	0	0	0	0	0	Light	0	0	0	0	0.7	0	1	50	0	0	0	37	0	392	0	0	20040922
o2__0397m_L_035	15:51	0	0	0	0	0	0	Light	0	0	0	0	0.7	0	1	50	0	0	0	37	0	397	0	0	20040922
o2__0407m_L_030	16:01	0	0	0	0	0	0	Light	0	0	0	0	0.7	0	1	50	0	0	0	37	0	407	0	0	20040922
o2__0417m_L_027	16:11	0	0	0	0	0	0	Light	0	0	0	0	0.7	0	1	50	0	0	0	37	0	417	0	0	20040922
o2__0432m_L_024	16:26	0	0	0	0	0	0	Light	0	0	0	0	0.7	0	1	50	0	0	0	37	0	432	0	0	20040922
o2__0477m_L_017	17:11	0	0	0	0	0	0	Light	0	0	0	0	0.7	0	1	50	0	0	0	37	0	477	0	0	20040922
o2__0567m_L_011	18:41	0	0	0	0	0	0	Light	0	0	0	0	0.7	0	1	50	0	0	0	37	0	567	0	0	20040922
o2__0747m_L_008	21:41	0	0	0	0	0	0	Light	0	0	0	0	0.7	0	1	50	0	0	0	37	0	747	0	0	20040922
o2__0750m_L2H_540	21:44	0	0	0	0	0	0	Light	0	0	0	0	0.7	0	1	50	0	0	0	37	0	750	0	0	20040922
o2__0755m_L2H_825	21:49	0	0	0	0	0	0	Light	0	0	0	0	0.7	0	1	50	0	0	0	37	0	755	0	0	20040922
o2__0760m_L2H_847	21:54	0	0	0	0	0	0	Light	0	0	0	0	0.7	0	1	50	0	0	0	37	0	760	0	0	20040922
o2__0770m_L2H_852	22:04	0	0	0	0	0	0	Light	0	0	0	0	0.7	0	1	50	0	0	0	37	0	770	0	0	20040922
o2__0780m_L2H_847	22:14	0	0	0	0	0	0	Light	0	0	0	0	0.7	0	1	50	0	0	0	37	0	780	0	0	20040922
phoR__HO_D_vs_NRC-1	0	0	0	0	0	0	0	Dark	0	VNG1175G	0.16	0	0.563	0	1	0	0	0	220	37	0	0	50	0	20040301
phoR__HO_L_vs_NRC-1	0	0	0	0	0	0	0	Light	0	VNG1175G	0.16	0	0.542	0	1	0	0	0	220	37	0	0	50	0	20040301
phoR__LO_D_vs_NRC-1	0	0	0	0	0	0	0	Dark	0	VNG1175G	0.16	0	0.527	0	1	0	0	0	100	37	0	0	50	0	20040301
phoR__LO_L_vs_NRC-1	0	0	0	0	0	0	0	Light	0	VNG1175G	0.16	0	0.529	0	1	0	0	0	100	37	0	0	50	0	20040301
phr1_and_2__HO_D_vs_NRC-1	0	0	0	0	0	0	0	Dark	0	0	0.16	0	0.834	0	1	0	0	0	220	37	0	0	50	0	20040301		
phr1_and_2__HO_L_vs_NRC-1	0	0	0	0	0	0	0	Light	0	0	0.16	0	0.784	0	1	0	0	0	220	37	0	0	50	0	20040301		
phr1_and_2__LO_D_vs_NRC-1	0	0	0	0	0	0	0	Dark	0	0	0.16	0	0.752	0	1	0	0	0	100	37	0	0	50	0	20040301		
phr1_and_2__LO_L_vs_NRC-1	0	0	0	0	0	0	0	Light	0	0	0.16	0	0.802	0	1	0	0	0	100	37	0	0	50	0	20040301		
phr1__HO_D_vs_NRC-1	0	0	0	0	0	0	0	Dark	0	VNG1754G	0.16	0	0.781	0	1	0	0	0	220	37	0	0	50	0	20040301		
phr1__HO_L_vs_NRC-1	0	0	0	0	0	0	0	Light	0	VNG1754G	0.16	0	0.736	0	1	0	0	0	220	37	0	0	50	0	20040301		
phr1__LO_D_vs_NRC-1	0	0	0	0	0	0	0	Dark	0	VNG1754G	0.16	0	0.721	0	1	0	0	0	100	37	0	0	50	0	20040301		
phr1__LO_L_vs_NRC-1	0	0	0	0	0	0	0	Light	0	VNG1754G	0.16	0	0.746	0	1	0	0	0	100	37	0	0	50	0	20040301		
phr2__HO_D_vs_NRC-1	0	0	0	0	0	0	0	Dark	0	VNG1335G	0.16	0	0.869	0	1	0	0	0	220	37	0	0	50	0	20040301		
phr2__HO_L_vs_NRC-1	0	0	0	0	0	0	0	Light	0	VNG1335G	0.16	0	0.822	0	1	0	0	0	220	37	0	0	50	0	20040301		
phr2__LO_D_vs_NRC-1	0	0	0	0	0	0	0	Dark	0	VNG1335G	0.16	0	0.717	0	1	0	0	0	100	37	0	0	50	0	20040301		
phr2__LO_L_vs_NRC-1	0	0	0	0	0	0	0	Light	0	VNG1335G	0.16	0	0.776	0	1	0	0	0	100	37	0	0	50	0	20040301		
PQ_Const._set_1_0mM_000min_vs_NRC-1f.sig	0	0	0	0	0	0	0	light	0	0	0	0	0.5274	0	1	0	0	0	220	42	0	0	0	0	20070129	20070128	20070128
PQ_Const._set_1_0mM_030min_vs_NRC-1f.sig	0	0	0	0	0	0	0	light	0	0	0	0	0.543	0	1	0	0	0	220	42	0	30	0	0	20070129	20070128	20070128
PQ_Const._set_1_0mM_060min_vs_NRC-1f.sig	0	0	0	0	0	0	0	light	0	0	0	0	0.5674	0	1	0	0	0	220	42	0	60	0	0	20070129	20070128	20070128
PQ_Const._set_1_0mM_120min_vs_NRC-1f.sig	0	0	0	0	0	0	0	light	0	0	0	0	0.6219	0	1	0	0	0	220	42	0	120	0	0	20070129	20070128	20070128
PQ_Const._set_1_0mM_240min_vs_NRC-1f.sig	0	0	0	0	0	0	0	light	0	0	0	0	0.7019	0	1	0	0	0	220	42	0	240	0	0	20070129	20070128	20070128
PQ_Const._set_1_4mM_000min_vs_NRC-1f.sig	0	0	0	0	0	0	0	light	0	0	0	0	0.539	0	1	0	0.004	0	220	42	0	0	0	0	20070129	20070128	20070128
PQ_Const._set_1_4mM_030min_vs_NRC-1f.sig	0	0	0	0	0	0	0	light	0	0	0	0	0.546	0	1	0	0.004	0	220	42	0	30	0	0	20070129	20070128	20070128
PQ_Const._set_1_4mM_060min_vs_NRC-1f.sig	0	0	0	0	0	0	0	light	0	0	0	0	0.5554	0	1	0	0.004	0	220	42	0	60	0	0	20070129	20070128	20070128
PQ_Const._set_1_4mM_120min_vs_NRC-1f.sig	0	0	0	0	0	0	0	light	0	0	0	0	0.565	0	1	0	0.004	0	220	42	0	120	0	0	20070129	20070128	20070128
PQ_Const._set_1_4mM_240min_vs_NRC-1f.sig	0	0	0	0	0	0	0	light	0	0	0	0	0.5743	0	1	0	0.004	0	220	42	0	240	0	0	20070129	20070128	20070128
PQ_Const._set_2_0mM_000min_vs_NRC-1f.sig	0	0	0	0	0	0	0	light	0	0	0	0	0.528	0	1	0	0	0	220	42	0	0	0	0	20070214	20070213	20070213
PQ_Const._set_2_0mM_030min_vs_NRC-1f.sig	0	0	0	0	0	0	0	light	0	0	0	0	0.5477	0	1	0	0	0	220	42	0	30	0	0	20070214	20070213	20070213
PQ_Const._set_2_0mM_060min_vs_NRC-1f.sig	0	0	0	0	0	0	0	light	0	0	0	0	0.5751	0	1	0	0	0	220	42	0	60	0	0	20070214	20070213	20070213
PQ_Const._set_2_0mM_120min_vs_NRC-1f.sig	0	0	0	0	0	0	0	light	0	0	0	0	0.6261	0	1	0	0	0	220	42	0	120	0	0	20070214	20070213	20070213
PQ_Const._set_2_0mM_240min_vs_NRC-1f.sig	0	0	0	0	0	0	0	light	0	0	0	0	0.7134	0	1	0	0	0	220	42	0	240	0	0	20070214	20070213	20070213
PQ_Const._set_2_4mM_000min_vs_NRC-1f.sig	0	0	0	0	0	0	0	light	0	0	0	0	0.5361	0	1	0	0.004	0	220	42	0	0	0	0	20070214	20070213	20070213
PQ_Const._set_2_4mM_030min_vs_NRC-1f.sig	0	0	0	0	0	0	0	light	0	0	0	0	0.5469	0	1	0	0.004	0	220	42	0	30	0	0	20070214	20070213	20070213
PQ_Const._set_2_4mM_060min_vs_NRC-1f.sig	0	0	0	0	0	0	0	light	0	0	0	0	0.5536	0	1	0	0.004	0	220	42	0	60	0	0	20070214	20070213	20070213
PQ_Const._set_2_4mM_120min_vs_NRC-1f.sig	0	0	0	0	0	0	0	light	0	0	0	0	0.5671	0	1	0	0.004	0	220	42	0	120	0	0	20070214	20070213	20070213
PQ_Const._set_2_4mM_240min_vs_NRC-1f.sig	0	0	0	0	0	0	0	light	0	0	0	0	0.5655	0	1	0	0.004	0	220	42	0	240	0	0	20070214	20070213	20070213
PQ_Const._set_3_4mM_-001min_vs_NRC-1h1.sig	0	0	0	0	0	0	0	light	0	0	0.25	0	0	0	1	0	0	0	220	37	0	-1	0	0	20080327	20080328	20080327
PQ_Const._set_3_4mM_005min_vs_NRC-1h1.sig	0	0	0	0	0	0	0	light	0	0	0.25	0	0	0	1	0	0.004	0	220	37	0	5	0	0	20080327	20080328	20080327
PQ_Const._set_3_4mM_010min_vs_NRC-1h1.sig	0	0	0	0	0	0	0	light	0	0	0.25	0	0	0	1	0	0.004	0	220	37	0	10	0	0	20080327	20080328	20080327
PQ_Const._set_3_4mM_020min_vs_NRC-1h1.sig	0	0	0	0	0	0	0	light	0	0	0.25	0	0	0	1	0	0.004	0	220	37	0	20	0	0	20080327	20080328	20080327
PQ_Const._set_3_4mM_040min_vs_NRC-1h1.sig	0	0	0	0	0	0	0	light	0	0	0.25	0	0	0	1	0	0.004	0	220	37	0	40	0	0	20080327	20080328	20080327
PQ_Const._set_3_4mM_080min_vs_NRC-1h1.sig	0	0	0	0	0	0	0	light	0	0	0.25	0	0	0	1	0	0.004	0	220	37	0	80	0	0	20080327	20080328	20080327
PQ_Const._set_3_4mM_160min_vs_NRC-1h1.sig	0	0	0	0	0	0	0	light	0	0	0.25	0	0	0	1	0	0.004	0	220	37	0	160	0	0	20080327	20080328	20080327
PQ_Const._set_4_4mM_-001min_vs_NRC-1h1.sig	0	0	0	0	0	0	0	light	0	0	0.25	0	0	0	1	0	0	0	220	37	0	-1	0	0	20080327	20080328	20080327
PQ_Const._set_4_4mM_005min_vs_NRC-1h1.sig	0	0	0	0	0	0	0	light	0	0	0.25	0	0	0	1	0	0.004	0	220	37	0	5	0	0	20080327	20080328	20080327
PQ_Const._set_4_4mM_010min_vs_NRC-1h1.sig	0	0	0	0	0	0	0	light	0	0	0.25	0	0	0	1	0	0.004	0	220	37	0	10	0	0	20080327	20080328	20080327
PQ_Const._set_4_4mM_020min_vs_NRC-1h1.sig	0	0	0	0	0	0	0	light	0	0	0.25	0	0	0	1	0	0.004	0	220	37	0	20	0	0	20080327	20080328	20080327
PQ_Const._set_4_4mM_040min_vs_NRC-1h1.sig	0	0	0	0	0	0	0	light	0	0	0.25	0	0	0	1	0	0.004	0	220	37	0	40	0	0	20080327	20080328	20080327
PQ_Const._set_4_4mM_080min_vs_NRC-1h1.sig	0	0	0	0	0	0	0	light	0	0	0.25	0	0	0	1	0	0.004	0	220	37	0	80	0	0	20080327	20080328	20080327
PQ_Const._set_4_4mM_160min_vs_NRC-1h1.sig	0	0	0	0	0	0	0	light	0	0	0.25	0	0	0	1	0	0.004	0	220	37	0	160	0	0	20080327	20080328	20080327
PQ_Recov._set_1_0mM_000min_vs_NRC-1f.sig	0	0	0	0	0	0	0	light	0	0	0	0	0.4888	0	1	0	0	0	220	42	0	0	0	0	20070131	20070131	20070131
PQ_Recov._set_1_0mM_010min_vs_NRC-1f.sig	0	0	0	0	0	0	0	light	0	0	0	0	0.5092	0	1	0	0	0	220	42	0	10	0	0	20070131	20070131	20070131
PQ_Recov._set_1_0mM_020min_vs_NRC-1f.sig	0	0	0	0	0	0	0	light	0	0	0	0	0.5139	0	1	0	0	0	220	42	0	20	0	0	20070131	20070131	20070131
PQ_Recov._set_1_0mM_030min_vs_NRC-1f.sig	0	0	0	0	0	0	0	light	0	0	0	0	0.5246	0	1	0	0	0	220	42	0	30	0	0	20070131	20070131	20070131
PQ_Recov._set_1_0mM_040min_vs_NRC-1f.sig	0	0	0	0	0	0	0	light	0	0	0	0	0.5123	0	1	0	0	0	220	42	0	40	0	0	20070131	20070131	20070131
PQ_Recov._set_1_0mM_050min_vs_NRC-1f.sig	0	0	0	0	0	0	0	light	0	0	0	0	0.5431	0	1	0	0	0	220	42	0	50	0	0	20070131	20070131	20070131
PQ_Recov._set_1_0mM_060min_vs_NRC-1f.sig	0	0	0	0	0	0	0	light	0	0	0	0	0.5421	0	1	0	0	0	220	42	0	60	0	0	20070131	20070131	20070131
PQ_Recov._set_1_0mM_120min_vs_NRC-1f.sig	0	0	0	0	0	0	0	light	0	0	0	0	0.61	0	1	0	0	0	220	42	0	120	0	0	20070131	20070131	20070131
PQ_Recov._set_1_0mM_240min_vs_NRC-1f.sig	0	0	0	0	0	0	0	light	0	0	0	0	0.7566	0	1	0	0	0	220	42	0	240	0	0	20070131	20070131	20070131
PQ_Recov._set_1_4mM_000min_vs_NRC-1f.sig	0	0	0	0	0	0	0	light	0	0	0	0	0.4556	0	1	0	0.004	0	220	42	0	0	0	0	20070131	20070131	20070131
PQ_Recov._set_1_4mM_010min_vs_NRC-1f.sig	0	0	0	0	0	0	0	light	0	0	0	0	0.5061	0	1	0	0.004	0	220	42	0	10	0	0	20070131	20070131	20070131
PQ_Recov._set_1_4mM_020min_vs_NRC-1f.sig	0	0	0	0	0	0	0	light	0	0	0	0	0.4778	0	1	0	0.004	0	220	42	0	20	0	0	20070131	20070131	20070131
PQ_Recov._set_1_4mM_030min_vs_NRC-1f.sig	0	0	0	0	0	0	0	light	0	0	0	0	0.5112	0	1	0	0.004	0	220	42	0	30	0	0	20070131	20070131	20070131
PQ_Recov._set_1_4mM_040min_vs_NRC-1f.sig	0	0	0	0	0	0	0	light	0	0	0	0	0.4693	0	1	0	0.004	0	220	42	0	40	0	0	20070131	20070131	20070131
PQ_Recov._set_1_4mM_050min_vs_NRC-1f.sig	0	0	0	0	0	0	0	light	0	0	0	0	0.4855	0	1	0	0.004	0	220	42	0	50	0	0	20070131	20070131	20070131
PQ_Recov._set_1_4mM_060min_vs_NRC-1f.sig	0	0	0	0	0	0	0	light	0	0	0	0	0.4826	0	1	0	0.004	0	220	42	0	60	0	0	20070131	20070131	20070131
PQ_Recov._set_1_4mM_120min_vs_NRC-1f.sig	0	0	0	0	0	0	0	light	0	0	0	0	0.5291	0	1	0	0.004	0	220	42	0	120	0	0	20070131	20070131	20070131
PQ_Recov._set_1_4mM_240min_vs_NRC-1f.sig	0	0	0	0	0	0	0	light	0	0	0	0	0.5468	0	1	0	0.004	0	220	42	0	240	0	0	20070131	20070131	20070131
PQ_Recov._set_2_0mM_000min_vs_NRC-1f.sig	0	0	0	0	0	0	0	light	0	0	0	0	0.4333	0	1	0	0	0	220	42	0	0	0	0	20070214	20070214	20070214
PQ_Recov._set_2_0mM_010min_vs_NRC-1f.sig	0	0	0	0	0	0	0	light	0	0	0	0	0.4556	0	1	0	0	0	220	42	0	10	0	0	20070214	20070214	20070214
PQ_Recov._set_2_0mM_020min_vs_NRC-1f.sig	0	0	0	0	0	0	0	light	0	0	0	0	0.472	0	1	0	0	0	220	42	0	20	0	0	20070214	20070214	20070214
PQ_Recov._set_2_0mM_030min_vs_NRC-1f.sig	0	0	0	0	0	0	0	light	0	0	0	0	0.4682	0	1	0	0	0	220	42	0	30	0	0	20070214	20070214	20070214
PQ_Recov._set_2_0mM_040min_vs_NRC-1f.sig	0	0	0	0	0	0	0	light	0	0	0	0	0.4567	0	1	0	0	0	220	42	0	40	0	0	20070214	20070214	20070214
PQ_Recov._set_2_0mM_050min_vs_NRC-1f.sig	0	0	0	0	0	0	0	light	0	0	0	0	0.4682	0	1	0	0	0	220	42	0	50	0	0	20070214	20070214	20070214
PQ_Recov._set_2_0mM_060min_vs_NRC-1f.sig	0	0	0	0	0	0	0	light	0	0	0	0	0.4824	0	1	0	0	0	220	42	0	60	0	0	20070214	20070214	20070214
PQ_Recov._set_2_0mM_120min_vs_NRC-1f.sig	0	0	0	0	0	0	0	light	0	0	0	0	0.5596	0	1	0	0	0	220	42	0	120	0	0	20070214	20070214	20070214
PQ_Recov._set_2_0mM_240min_vs_NRC-1f.sig	0	0	0	0	0	0	0	light	0	0	0	0	0.7079	0	1	0	0	0	220	42	0	240	0	0	20070214	20070214	20070214
PQ_Recov._set_2_4mM_000min_vs_NRC-1f.sig	0	0	0	0	0	0	0	light	0	0	0	0	0.4282	0	1	0	0.004	0	220	42	0	0	0	0	20070214	20070214	20070214
PQ_Recov._set_2_4mM_010min_vs_NRC-1f.sig	0	0	0	0	0	0	0	light	0	0	0	0	0.4645	0	1	0	0.004	0	220	42	0	10	0	0	20070214	20070214	20070214
PQ_Recov._set_2_4mM_020min_vs_NRC-1f.sig	0	0	0	0	0	0	0	light	0	0	0	0	0.4545	0	1	0	0.004	0	220	42	0	20	0	0	20070214	20070214	20070214
PQ_Recov._set_2_4mM_030min_vs_NRC-1f.sig	0	0	0	0	0	0	0	light	0	0	0	0	0.4833	0	1	0	0.004	0	220	42	0	30	0	0	20070214	20070214	20070214
PQ_Recov._set_2_4mM_040min_vs_NRC-1f.sig	0	0	0	0	0	0	0	light	0	0	0	0	0.4383	0	1	0	0.004	0	220	42	0	40	0	0	20070214	20070214	20070214
PQ_Recov._set_2_4mM_050min_vs_NRC-1f.sig	0	0	0	0	0	0	0	light	0	0	0	0	0.4598	0	1	0	0.004	0	220	42	0	50	0	0	20070214	20070214	20070214
PQ_Recov._set_2_4mM_060min_vs_NRC-1f.sig	0	0	0	0	0	0	0	light	0	0	0	0	0.4531	0	1	0	0.004	0	220	42	0	60	0	0	20070214	20070214	20070214
PQ_Recov._set_2_4mM_120min_vs_NRC-1f.sig	0	0	0	0	0	0	0	light	0	0	0	0	0.5011	0	1	0	0.004	0	220	42	0	120	0	0	20070214	20070214	20070214
PQ_Recov._set_2_4mM_240min_vs_NRC-1f.sig	0	0	0	0	0	0	0	light	0	0	0	0	0.5057	0	1	0	0.004	0	220	42	0	240	0	0	20070214	20070214	20070214
sirR_0min_-EDTA_CM_vs_NRC1-h1.sig	0	0	0	0	0	0	0	0	0	VNG0536G	0	20	0.908	0	10	0	0	6.8	0	37	0	0	50	0	20090401		
sirR_20min_-EDTA_CM_vs_NRC1-h1.sig	0	0	0	0	0	0	0	0	0	VNG0536G	0	20	0.908	0	10	0	0	6.8	0	37	0	20	50	0	20090401		
sirR_20min_1mM_EDTA_vs_NRC1-h1.sig	0	1	0	0	0	0	0	0	0	VNG0536G	0	0	0.759	0	0	0	0	6.8	0	37	0	20	0	0	20090522		20090521
sirR_40min_-EDTA_CM_vs_NRC1-h1.sig	0	0	0	0	0	0	0	0	0	VNG0536G	0	20	0.908	0	10	0	0	6.8	0	37	0	40	50	0	20090401		
sirR_40min_1mM_EDTA_vs_NRC1-h1.sig	0	1	0	0	0	0	0	0	0	VNG0536G	0	0	0.759	0	0	0	0	6.8	0	37	0	40	0	0	20090522		20090521
sirR_60min_-EDTA_CM_vs_NRC1-h1.sig	0	0	0	0	0	0	0	0	0	VNG0536G	0	20	0.908	0	10	0	0	6.8	0	37	0	60	50	0	20090401		
sirR_60min_1mM_EDTA_vs_NRC1-h1.sig	0	1	0	0	0	0	0	0	0	VNG0536G	0	0	0.759	0	0	0	0	6.8	0	37	0	60	0	0	20090522		20090521
sop2_II__HO_D_vs_NRC-1c	0	0	0	0	0	0	0	Dark	0	VNG1764G	0.16	0	0.809	0	1	0	0	0	220	37	0	0	50	0	20040301		
sop2_II__HO_L_vs_NRC-1c	0	0	0	0	0	0	0	Light	0	VNG1764G	0.16	0	0.756	0	1	0	0	0	220	37	0	0	50	0	20040301		
sop2_II__LO_D_vs_NRC-1c	0	0	0	0	0	0	0	Dark	0	VNG1764G	0.16	0	0.7	0	1	0	0	0	100	37	0	0	50	0	20040301		
sop2_II__LO_L_vs_NRC-1c	0	0	0	0	0	0	0	Light	0	VNG1764G	0.16	0	0.76	0	1	0	0	0	100	37	0	0	50	0	20040301		
sop2_I__HO_D_vs_NRC-1	0	0	0	0	0	0	0	Dark	0	VNG1764G	0.16	0	0.742	0	1	0	0	0	220	37	0	0	50	0	20040301		
sop2_I__HO_L_vs_NRC-1	0	0	0	0	0	0	0	Light	0	VNG1764G	0.16	0	0.71	0	1	0	0	0	220	37	0	0	50	0	20040301		
sop2_I__LO_D_vs_NRC-1	0	0	0	0	0	0	0	Dark	0	VNG1764G	0.16	0	0.728	0	1	0	0	0	100	37	0	0	50	0	20040301		
sop2_I__LO_L_vs_NRC-1	0	0	0	0	0	0	0	Light	0	VNG1764G	0.16	0	0.716	0	1	0	0	0	100	37	0	0	50	0	20040301		
tbp_A_vs_NRC-1c	0	0	0	0	0	0	0	Light	0	VNG5039G	0.16	0	0.586	0	1	0	0	0	220	37	0	0	50	0	20041001		
tbp_C_vs_NRC-1c	0	0	0	0	0	0	0	Light	0	VNG5142G	0.16	0	0.719	0	1	0	0	0	220	37	0	0	50	0	20041001		
tbp_D_vs_NRC-1c	0	0	0	0	0	0	0	Light	0	VNG5163G	0.16	0	0.708	0	1	0	0	0	220	37	0	0	50	0	20041001		
tfbG_CHIS_over	0	0	0	0	0	0	0	Light	0	0	0	0	0	tfbG	1	0	0	0	220	37	0	0	0	0	20041031		
tfb_A_vs_NRC-1c	0	0	0	0	0	0	0	Light	0	VNG2184G	0.16	0	0.626	0	1	0	0	0	220	37	0	0	50	0	20041001		
tfb_B_vs_NRC-1c	0	0	0	0	0	0	0	Light	0	VNG0734G	0.16	0	0.707	0	1	0	0	0	220	37	0	0	50	0	20041001		
tfb_C_vs_NRC-1c	0	0	0	0	0	0	0	Light	0	VNG6351G	0.16	0	0.685	0	1	0	0	0	220	37	0	0	50	0	20041001		
tfb_D_vs_NRC-1c	0	0	0	0	0	0	0	Light	0	VNG0869G	0.16	0	0.61	0	1	0	0	0	220	37	0	0	50	0	20041001		
troR_0min_-EDTA_CM_vs_NRC1-h1.sig	0	0	0	0	0	0	0	0	0	VNG0530G	0	20	0.759	0	10	0	0	6.8	0	37	0	0	50	0	20090401		
troR_0min_1mM_EDTA_vs_NRC1-h1.sig	0	1	0	0	0	0	0	0	0	VNG0530G	0	0	0.759	0	0	0	0	6.8	0	37	0	0	0	0	20090522		20090521
troR_20min_-EDTA_CM_vs_NRC1-h1.sig	0	0	0	0	0	0	0	0	0	VNG0530G	0	20	0.759	0	10	0	0	6.8	0	37	0	20	50	0	20090401		
troR_20min_1mM_EDTA_vs_NRC1-h1.sig	0	1	0	0	0	0	0	0	0	VNG0530G	0	0	0.759	0	0	0	0	6.8	0	37	0	20	0	0	20090522		20090521
troR_40min_-EDTA_CM_vs_NRC1-h1.sig	0	0	0	0	0	0	0	0	0	VNG0530G	0	20	0.759	0	10	0	0	6.8	0	37	0	40	50	0	20090401		
troR_40min_1mM_EDTA_vs_NRC1-h1.sig	0	1	0	0	0	0	0	0	0	VNG0530G	0	0	0.759	0	0	0	0	6.8	0	37	0	40	0	0	20090522		20090521
troR_60min_-EDTA_CM_vs_NRC1-h1.sig	0	0	0	0	0	0	0	0	0	VNG0530G	0	20	0.759	0	10	0	0	6.8	0	37	0	60	50	0	20090401		
troR_60min_1mM_EDTA_vs_NRC1-h1.sig	0	1	0	0	0	0	0	0	0	VNG0530G	0	0	0.759	0	0	0	0	6.8	0	37	0	60	0	0	20090522		20090521
ura3_+glu_a_OD0.2_vs_NRC1e.sig	0	0	0	0	0	7	0	0	0	VNG1673G	0	0	0.192	0	0	0	0	6.8	0	37	5	0	50	0	20080429		
ura3_+glu_a_OD0.6repl_vs_NRC1e.sig	0	0	0	0	0	7	0	0	0	VNG1673G	0	0	0.304	0	0	0	0	6.8	0	37	5	0	50	0	20080429		
ura3_+glu_a_OD0.6_vs_NRC1e.sig	0	0	0	0	0	7	0	0	0	VNG1673G	0	0	0.641	0	0	0	0	6.8	0	37	5	0	50	0	20080310		
ura3_+glu_a_OD1.2repl_vs_NRC1e.sig	0	0	0	0	0	7	0	0	0	VNG1673G	0	0	0.5	0	0	0	0	6.8	0	37	5	0	50	0	20080429		
ura3_+glu_a_OD1.2_vs_NRC1e.sig	0	0	0	0	0	7	0	0	0	VNG1673G	0	0	0.5	0	0	0	0	6.8	0	37	5	0	50	0	20080310		
ura3_+glu_b_OD0.2_vs_NRC1g.sig	0	0	0	0	0	7	0	0	0	VNG1673G	0	0	0.182	0	0	0	0	6.8	0	37	5	0	50	0	20080429		
ura3_+glu_b_OD0.6repl_vs_NRC1g.sig	0	0	0	0	0	7	0	0	0	VNG1673G	0	0	0.291	0	0	0	0	6.8	0	37	5	0	50	0	20080429		
ura3_+glu_b_OD1.2repl_vs_NRC1g.sig	0	0	0	0	0	7	0	0	0	VNG1673G	0	0	0.53	0	0	0	0	6.8	0	37	5	0	50	0	20080429		
ura3_-glu_a_OD0.2_vs_NRC1e.sig	0	0	0	0	0	0	0	0	0	VNG1673G	0	0	0.21	0	0	0	0	6.8	0	37	5	0	50	0	20080429		
ura3_-glu_a_OD0.6repl_vs_NRC1e.sig	0	0	0	0	0	0	0	0	0	VNG1673G	0	0	0.641	0	0	0	0	6.8	0	37	5	0	50	0	20080429		
ura3_-glu_a_OD0.6_vs_NRC1e.sig	0	0	0	0	0	0	0	0	0	VNG1673G	0	0	0.641	0	0	0	0	6.8	0	37	5	0	50	0	20080310		
ura3_-glu_a_OD1.2repl_vs_NRC1e.sig	0	0	0	0	0	0	0	0	0	VNG1673G	0	0	1.47	0	0	0	0	6.8	0	37	5	0	50	0	20080429		
ura3_-glu_a_OD1.2_vs_NRC1e.sig	0	0	0	0	0	0	0	0	0	VNG1673G	0	0	1.47	0	0	0	0	6.8	0	37	5	0	50	0	20080310		
ura3_-glu_b_OD0.2_vs_NRC1g.sig	0	0	0	0	0	0	0	0	0	VNG1673G	0	0	0.214	0	0	0	0	6.8	0	37	5	0	50	0	20080429		
ura3_-glu_b_OD0.6repl_vs_NRC1g.sig	0	0	0	0	0	0	0	0	0	VNG1673G	0	0	0.701	0	0	0	0	6.8	0	37	5	0	50	0	20080429		
ura3_-glu_b_OD1.2repl_vs_NRC1g.sig	0	0	0	0	0	0	0	0	0	VNG1673G	0	0	1.6	0	0	0	0	6.8	0	37	5	0	50	0	20080429		
ura3_0min_-EDTA_CM_vs_NRC1-h1.sig	0	0	0	0	0	0	0	0	0	0	0	20	0.758	0	10	0	0	6.8	0	37	0	0	50	0	20090401		
ura3_0min_1mM_EDTA_vs_NRC1-h1.sig	0	1	0	0	0	0	0	0	0	VNG0530G	0	0	0.759	0	0	0	0	6.8	0	37	0	0	0	0	20090522		20090521
ura3_20min_-EDTA_CM_vs_NRC1-h1.sig	0	0	0	0	0	0	0	0	0	0	0	20	0.758	0	10	0	0	6.8	0	37	0	20	50	0	20090401		
ura3_20min_1mM_EDTA_vs_NRC1-h1.sig	0	1	0	0	0	0	0	0	0	VNG0530G	0	0	0.759	0	0	0	0	6.8	0	37	0	20	0	0	20090522		20090521
ura3_40min_-EDTA_CM_vs_NRC1-h1.sig	0	0	0	0	0	0	0	0	0	0	0	20	0.758	0	10	0	0	6.8	0	37	0	40	50	0	20090401		
ura3_40min_1mM_EDTA_vs_NRC1-h1.sig	0	1	0	0	0	0	0	0	0	VNG0530G	0	0	0.759	0	0	0	0	6.8	0	37	0	40	0	0	20090522		20090521
ura3_60min_-EDTA_CM_vs_NRC1-h1.sig	0	0	0	0	0	0	0	0	0	0	0	20	0.758	0	10	0	0	6.8	0	37	0	60	50	0	20090401		
ura3_60min_1mM_EDTA_vs_NRC1-h1.sig	0	1	0	0	0	0	0	0	0	VNG0530G	0	0	0.759	0	0	0	0	6.8	0	37	0	60	0	0	20090522		20090521
ura3_growth_t1_exp2_0.3OD_vs_NRC1f.sig	0	0	0	0	0	0	0	0	0	VNG1673G	0	0	0.333	0	10	0	0	6.8	0	37	0	0	50	0	20070110		
ura3_growth_t1_exp3_0.3OD_vs_NRC1f.sig	0	0	0	0	0	0	0	0	0	VNG1673G	0	0	0.308	0	10	0	0	6.8	0	37	0	0	50	0	20070710		
ura3_growth_t2exp1_0.5OD_vs_NRC1e.sig	0	0	0	0	0	0	0	0	0	VNG1673G	0	0	0.503	0	10	0	0	6.8	0	37	0	0	50	0	20061218		
ura3_growth_t2_exp2_0.5OD_vs_NRC1f.sig	0	0	0	0	0	0	0	0	0	VNG1673G	0	0	0.553	0	10	0	0	6.8	0	37	0	0	50	0	20070110		
ura3_growth_t2_exp3_0.5OD_vs_NRC1f.sig	0	0	0	0	0	0	0	0	0	VNG1673G	0	0	0.516	0	10	0	0	6.8	0	37	0	0	50	0	20070710		
ura3_growth_t3exp1_0.8OD_vs_NRC1e.sig	0	0	0	0	0	0	0	0	0	VNG1673G	0	0	0.815	0	10	0	0	6.8	0	37	0	0	50	0	20061218		
ura3_growth_t3_exp2_0.8OD_vs_NRC1f.sig	0	0	0	0	0	0	0	0	0	VNG1673G	0	0	0.792	0	10	0	0	6.8	0	37	0	0	50	0	20070110		
ura3_growth_t3_exp3_0.8OD_vs_NRC1f.sig	0	0	0	0	0	0	0	0	0	VNG1673G	0	0	0.724	0	10	0	0	6.8	0	37	0	0	50	0	20070710
ura3_growth_t4_exp2_1.2OD_vs_NRC1f.sig	0	0	0	0	0	0	0	0	0	VNG1673G	0	0	1.26	0	10	0	0	6.8	0	37	0	0	50	0	20070710
ura3_growth_t4_exp3_1.2OD_vs_NRC1f.sig	0	0	0	0	0	0	0	0	0	VNG1673G	0	0	1.18	0	10	0	0	6.8	0	37	0	0	50	0	20070710
ura3__HO_D_vs_NRC-1	0	0	0	0	0	0	0	Dark	0	VNG1673G	0.16	0	0.827	0	1	0	0	0	220	37	0	0	50	0	20040301
ura3__HO_L_vs_NRC-1	0	0	0	0	0	0	0	Light	0	VNG1673G	0.16	0	0.831	0	1	0	0	0	220	37	0	0	50	0	20040301
ura3__LO_D_vs_NRC-1	0	0	0	0	0	0	0	Dark	0	VNG1673G	0.16	0	0.751	0	1	0	0	0	100	37	0	0	50	0	20040301
ura3__LO_L_vs_NRC-1	0	0	0	0	0	0	0	Light	0	VNG1673G	0.16	0	0.794	0	1	0	0	0	100	37	0	0	50	0	20040301
uv__000jm2_CL_060m	0	0	0	0	0	0	0	Light	0	0	0	0	0	0	1	High	0	0	0	0	0	60	0	0	20040301
uv__200jm2_D_030m	0	0	0	0	0	0	0	Dark	0	0	0	0	0	0	1	High	0	0	0	0	0	30	0	200	20040301
uv__200jm2_D_060m	0	0	0	0	0	0	0	Dark	0	0	0	0	0	0	1	High	0	0	0	0	0	60	0	200	20040301
uv__200jm2_L_030m	0	0	0	0	0	0	0	Light	0	0	0	0	0	0	1	High	0	0	0	0	0	30	0	200	20040301
uv__200jm2_L_060m	0	0	0	0	0	0	0	Light	0	0	0	0	0	0	1	High	0	0	0	0	0	60	0	200	20040301
VNG0019H__HO_D_vs_NRC-1c	0	0	0	0	0	0	0	Dark	0	VNG0019H	0.16	0	0.772	0	1	0	0	0	220	37	0	0	50	0	20040301
VNG0019H__HO_L_vs_NRC-1c	0	0	0	0	0	0	0	Light	0	VNG0019H	0.16	0	0.813	0	1	0	0	0	220	37	0	0	50	0	20040301
VNG0019H__LO_D_vs_NRC-1c	0	0	0	0	0	0	0	Dark	0	VNG0019H	0.16	0	0.769	0	1	0	0	0	100	37	0	0	50	0	20040301
VNG0019H__LO_L_vs_NRC-1c	0	0	0	0	0	0	0	Light	0	VNG0019H	0.16	0	0.688	0	1	0	0	0	100	37	0	0	50	0	20040301
VNG0750C__HO_D_vs_NRC-1	0	0	0	0	0	0	0	Dark	0	VNG0750C	0.16	0	0.77	0	1	0	0	0	220	37	0	0	50	0	20040301
VNG0750C__HO_L_vs_NRC-1	0	0	0	0	0	0	0	Light	0	VNG0750C	0.16	0	0.681	0	1	0	0	0	220	37	0	0	50	0	20040301
VNG0750C__LO_D_vs_NRC-1	0	0	0	0	0	0	0	Dark	0	VNG0750C	0.16	0	0.713	0	1	0	0	0	100	37	0	0	50	0	20040301
VNG0750C__LO_L_vs_NRC-1	0	0	0	0	0	0	0	Light	0	VNG0750C	0.16	0	0.771	0	1	0	0	0	100	37	0	0	50	0	20040301
VNG1296C__HO_D_vs_NRC-1	0	0	0	0	0	0	0	Dark	0	VNG1296C	0.16	0	0.369	0	1	0	0	0	220	37	0	0	50	0	20040301
VNG1296C__HO_L_vs_NRC-1	0	0	0	0	0	0	0	Light	0	VNG1296C	0.16	0	0.357	0	1	0	0	0	220	37	0	0	50	0	20040301
VNG1296C__LO_D_vs_NRC-1	0	0	0	0	0	0	0	Dark	0	VNG1296C	0.16	0	0.307	0	1	0	0	0	100	37	0	0	50	0	20040301
VNG1296C__LO_L_vs_NRC-1	0	0	0	0	0	0	0	Light	0	VNG1296C	0.16	0	0.327	0	1	0	0	0	100	37	0	0	50	0	20040301
VNG2334C__HO_D_vs_NRC-1	0	0	0	0	0	0	0	Dark	0	VNG2334C	0.16	0	0.471	0	1	0	0	0	220	37	0	0	50	0	20040301
VNG2334C__HO_L_vs_NRC-1	0	0	0	0	0	0	0	Light	0	VNG2334C	0.16	0	0.483	0	1	0	0	0	220	37	0	0	50	0	20040301
VNG2334C__LO_D_vs_NRC-1	0	0	0	0	0	0	0	Dark	0	VNG2334C	0.16	0	0.43	0	1	0	0	0	100	37	0	0	50	0	20040301
VNG2334C__LO_L_vs_NRC-1	0	0	0	0	0	0	0	Light	0	VNG2334C	0.16	0	0.495	0	1	0	0	0	100	37	0	0	50	0	20040301
zim__HO_D_vs_NRC-1	0	0	0	0	0	0	0	Dark	0	VNG1543G	0.16	0	0.53	0	1	0	0	0	220	37	0	0	50	0	20040301
zim__HO_L_vs_NRC-1	0	0	0	0	0	0	0	Light	0	VNG1543G	0.16	0	0.572	0	1	0	0	0	220	37	0	0	50	0	20040301
zim__LO_D_vs_NRC-1	0	0	0	0	0	0	0	Dark	0	VNG1543G	0.16	0	0.485	0	1	0	0	0	100	37	0	0	50	0	20040301
zim__LO_L_vs_NRC-1	0	0	0	0	0	0	0	Light	0	VNG1543G	0.16	0	0.488	0	1	0	0	0	100	37	0	0	50	0	20040301